REGIAO:;NE
UF:;BA
ESTACAO:;FEIRA DE SANTANA
CODIGO (WMO):;A413
LATITUDE:;-12,1961111
LONGITUDE:;-38,96749999
ALTITUDE:;229,64
DATA DE FUNDACAO:;26/05/07
Data;Hora UTC;PRECIPITAÇÃO TOTAL, HORÁRIO (mm);PRESSAO ATMOSFERICA AO NIVEL DA ESTACAO, HORARIA (mB);PRESSÃO ATMOSFERICA MAX.NA HORA ANT. (AUT) (mB);PRESSÃO ATMOSFERICA MIN. NA HORA ANT. (AUT) (mB);RADIACAO GLOBAL (Kj/m²);TEMPERATURA DO AR - BULBO SECO, HORARIA (°C);TEMPERATURA DO PONTO DE ORVALHO (°C);TEMPERATURA MÁXIMA NA HORA ANT. (AUT) (°C);TEMPERATURA MÍNIMA NA HORA ANT. (AUT) (°C);TEMPERATURA ORVALHO MAX. NA HORA ANT. (AUT) (°C);TEMPERATURA ORVALHO MIN. NA HORA ANT. (AUT) (°C);UMIDADE REL. MAX. NA HORA ANT. (AUT) (%);UMIDADE REL. MIN. NA HORA ANT. (AUT) (%);UMIDADE RELATIVA DO AR, HORARIA (%);VENTO, DIREÇÃO HORARIA (gr) (° (gr));VENTO, RAJADA MAXIMA (m/s);VENTO, VELOCIDADE HORARIA (m/s);
2023/01/01;0000 UTC;;;;;;;;;;;;;;;;;;
2023/01/01;0100 UTC;;;;;;;;;;;;;;;;;;
2023/01/01;0200 UTC;;;;;;;;;;;;;;;;;;
2023/01/01;0300 UTC;;;;;;;;;;;;;;;;;;
2023/01/01;0400 UTC;;;;;;;;;;;;;;;;;;
2023/01/01;0500 UTC;;;;;;;;;;;;;;;;;;
2023/01/01;0600 UTC;;;;;;;;;;;;;;;;;;
2023/01/01;0700 UTC;;;;;;;;;;;;;;;;;;
2023/01/01;0800 UTC;;;;;;;;;;;;;;;;;;
2023/01/01;0900 UTC;;;;;;;;;;;;;;;;;;
2023/01/01;1000 UTC;;;;;;;;;;;;;;;;;;
2023/01/01;1100 UTC;;;;;;;;;;;;;;;;;;
2023/01/01;1200 UTC;;;;;;;;;;;;;;;;;;
2023/01/01;1300 UTC;;;;;;;;;;;;;;;;;;
2023/01/01;1400 UTC;;;;;;;;;;;;;;;;;;
2023/01/01;1500 UTC;;;;;;;;;;;;;;;;;;
2023/01/01;1600 UTC;;;;;;;;;;;;;;;;;;
2023/01/01;1700 UTC;;;;;;;;;;;;;;;;;;
2023/01/01;1800 UTC;;;;;;;;;;;;;;;;;;
2023/01/01;1900 UTC;;;;;;;;;;;;;;;;;;
2023/01/01;2000 UTC;;;;;;;;;;;;;;;;;;
2023/01/01;2100 UTC;;;;;;;;;;;;;;;;;;
2023/01/01;2200 UTC;;;;;;;;;;;;;;;;;;
2023/01/01;2300 UTC;;;;;;;;;;;;;;;;;;
2023/01/02;0000 UTC;;;;;;;;;;;;;;;;;;
2023/01/02;0100 UTC;;;;;;;;;;;;;;;;;;
2023/01/02;0200 UTC;;;;;;;;;;;;;;;;;;
2023/01/02;0300 UTC;;;;;;;;;;;;;;;;;;
2023/01/02;0400 UTC;;;;;;;;;;;;;;;;;;
2023/01/02;0500 UTC;;;;;;;;;;;;;;;;;;
2023/01/02;0600 UTC;;;;;;;;;;;;;;;;;;
2023/01/02;0700 UTC;;;;;;;;;;;;;;;;;;
2023/01/02;0800 UTC;;;;;;;;;;;;;;;;;;
2023/01/02;0900 UTC;;;;;;;;;;;;;;;;;;
2023/01/02;1000 UTC;;;;;;;;;;;;;;;;;;
2023/01/02;1100 UTC;;;;;;;;;;;;;;;;;;
2023/01/02;1200 UTC;;;;;;;;;;;;;;;;;;
2023/01/02;1300 UTC;;;;;;;;;;;;;;;;;;
2023/01/02;1400 UTC;;;;;;;;;;;;;;;;;;
2023/01/02;1500 UTC;;;;;;;;;;;;;;;;;;
2023/01/02;1600 UTC;;;;;;;;;;;;;;;;;;
2023/01/02;1700 UTC;;;;;;;;;;;;;;;;;;
2023/01/02;1800 UTC;;;;;;;;;;;;;;;;;;
2023/01/02;1900 UTC;;;;;;;;;;;;;;;;;;
2023/01/02;2000 UTC;;;;;;;;;;;;;;;;;;
2023/01/02;2100 UTC;;;;;;;;;;;;;;;;;;
2023/01/02;2200 UTC;;;;;;;;;;;;;;;;;;
2023/01/02;2300 UTC;;;;;;;;;;;;;;;;;;
2023/01/03;0000 UTC;;;;;;;;;;;;;;;;;;
2023/01/03;0100 UTC;;;;;;;;;;;;;;;;;;
2023/01/03;0200 UTC;;;;;;;;;;;;;;;;;;
2023/01/03;0300 UTC;;;;;;;;;;;;;;;;;;
2023/01/03;0400 UTC;;;;;;;;;;;;;;;;;;
2023/01/03;0500 UTC;;;;;;;;;;;;;;;;;;
2023/01/03;0600 UTC;;;;;;;;;;;;;;;;;;
2023/01/03;0700 UTC;;;;;;;;;;;;;;;;;;
2023/01/03;0800 UTC;;;;;;;;;;;;;;;;;;
2023/01/03;0900 UTC;;;;;;;;;;;;;;;;;;
2023/01/03;1000 UTC;;;;;;;;;;;;;;;;;;
2023/01/03;1100 UTC;;;;;;;;;;;;;;;;;;
2023/01/03;1200 UTC;;;;;;;;;;;;;;;;;;
2023/01/03;1300 UTC;;;;;;;;;;;;;;;;;;
2023/01/03;1400 UTC;;;;;;;;;;;;;;;;;;
2023/01/03;1500 UTC;;;;;;;;;;;;;;;;;;
2023/01/03;1600 UTC;;;;;;;;;;;;;;;;;;
2023/01/03;1700 UTC;;;;;;;;;;;;;;;;;;
2023/01/03;1800 UTC;;;;;;;;;;;;;;;;;;
2023/01/03;1900 UTC;;;;;;;;;;;;;;;;;;
2023/01/03;2000 UTC;;;;;;;;;;;;;;;;;;
2023/01/03;2100 UTC;;;;;;;;;;;;;;;;;;
2023/01/03;2200 UTC;;;;;;;;;;;;;;;;;;
2023/01/03;2300 UTC;;;;;;;;;;;;;;;;;;
2023/01/04;0000 UTC;;;;;;;;;;;;;;;;;;
2023/01/04;0100 UTC;;;;;;;;;;;;;;;;;;
2023/01/04;0200 UTC;;;;;;;;;;;;;;;;;;
2023/01/04;0300 UTC;;;;;;;;;;;;;;;;;;
2023/01/04;0400 UTC;;;;;;;;;;;;;;;;;;
2023/01/04;0500 UTC;;;;;;;;;;;;;;;;;;
2023/01/04;0600 UTC;;;;;;;;;;;;;;;;;;
2023/01/04;0700 UTC;;;;;;;;;;;;;;;;;;
2023/01/04;0800 UTC;;;;;;;;;;;;;;;;;;
2023/01/04;0900 UTC;;;;;;;;;;;;;;;;;;
2023/01/04;1000 UTC;;;;;;;;;;;;;;;;;;
2023/01/04;1100 UTC;;;;;;;;;;;;;;;;;;
2023/01/04;1200 UTC;;;;;;;;;;;;;;;;;;
2023/01/04;1300 UTC;;;;;;;;;;;;;;;;;;
2023/01/04;1400 UTC;;;;;;;;;;;;;;;;;;
2023/01/04;1500 UTC;;;;;;;;;;;;;;;;;;
2023/01/04;1600 UTC;;;;;;;;;;;;;;;;;;
2023/01/04;1700 UTC;;;;;;;;;;;;;;;;;;
2023/01/04;1800 UTC;;;;;;;;;;;;;;;;;;
2023/01/04;1900 UTC;;;;;;;;;;;;;;;;;;
2023/01/04;2000 UTC;;;;;;;;;;;;;;;;;;
2023/01/04;2100 UTC;;;;;;;;;;;;;;;;;;
2023/01/04;2200 UTC;;;;;;;;;;;;;;;;;;
2023/01/04;2300 UTC;;;;;;;;;;;;;;;;;;
2023/01/05;0000 UTC;;;;;;;;;;;;;;;;;;
2023/01/05;0100 UTC;;;;;;;;;;;;;;;;;;
2023/01/05;0200 UTC;;;;;;;;;;;;;;;;;;
2023/01/05;0300 UTC;;;;;;;;;;;;;;;;;;
2023/01/05;0400 UTC;;;;;;;;;;;;;;;;;;
2023/01/05;0500 UTC;;;;;;;;;;;;;;;;;;
2023/01/05;0600 UTC;;;;;;;;;;;;;;;;;;
2023/01/05;0700 UTC;;;;;;;;;;;;;;;;;;
2023/01/05;0800 UTC;;;;;;;;;;;;;;;;;;
2023/01/05;0900 UTC;;;;;;;;;;;;;;;;;;
2023/01/05;1000 UTC;;;;;;;;;;;;;;;;;;
2023/01/05;1100 UTC;;;;;;;;;;;;;;;;;;
2023/01/05;1200 UTC;;;;;;;;;;;;;;;;;;
2023/01/05;1300 UTC;;;;;;;;;;;;;;;;;;
2023/01/05;1400 UTC;;;;;;;;;;;;;;;;;;
2023/01/05;1500 UTC;;;;;;;;;;;;;;;;;;
2023/01/05;1600 UTC;;;;;;;;;;;;;;;;;;
2023/01/05;1700 UTC;;;;;;;;;;;;;;;;;;
2023/01/05;1800 UTC;;;;;;;;;;;;;;;;;;
2023/01/05;1900 UTC;;;;;;;;;;;;;;;;;;
2023/01/05;2000 UTC;;;;;;;;;;;;;;;;;;
2023/01/05;2100 UTC;;;;;;;;;;;;;;;;;;
2023/01/05;2200 UTC;;;;;;;;;;;;;;;;;;
2023/01/05;2300 UTC;;;;;;;;;;;;;;;;;;
2023/01/06;0000 UTC;;;;;;;;;;;;;;;;;;
2023/01/06;0100 UTC;;;;;;;;;;;;;;;;;;
2023/01/06;0200 UTC;;;;;;;;;;;;;;;;;;
2023/01/06;0300 UTC;;;;;;;;;;;;;;;;;;
2023/01/06;0400 UTC;;;;;;;;;;;;;;;;;;
2023/01/06;0500 UTC;;;;;;;;;;;;;;;;;;
2023/01/06;0600 UTC;;;;;;;;;;;;;;;;;;
2023/01/06;0700 UTC;;;;;;;;;;;;;;;;;;
2023/01/06;0800 UTC;;;;;;;;;;;;;;;;;;
2023/01/06;0900 UTC;;;;;;;;;;;;;;;;;;
2023/01/06;1000 UTC;;;;;;;;;;;;;;;;;;
2023/01/06;1100 UTC;;;;;;;;;;;;;;;;;;
2023/01/06;1200 UTC;;;;;;;;;;;;;;;;;;
2023/01/06;1300 UTC;;;;;;;;;;;;;;;;;;
2023/01/06;1400 UTC;;;;;;;;;;;;;;;;;;
2023/01/06;1500 UTC;;;;;;;;;;;;;;;;;;
2023/01/06;1600 UTC;;;;;;;;;;;;;;;;;;
2023/01/06;1700 UTC;;;;;;;;;;;;;;;;;;
2023/01/06;1800 UTC;;;;;;;;;;;;;;;;;;
2023/01/06;1900 UTC;;;;;;;;;;;;;;;;;;
2023/01/06;2000 UTC;;;;;;;;;;;;;;;;;;
2023/01/06;2100 UTC;;;;;;;;;;;;;;;;;;
2023/01/06;2200 UTC;;;;;;;;;;;;;;;;;;
2023/01/06;2300 UTC;;;;;;;;;;;;;;;;;;
2023/01/07;0000 UTC;;;;;;;;;;;;;;;;;;
2023/01/07;0100 UTC;;;;;;;;;;;;;;;;;;
2023/01/07;0200 UTC;;;;;;;;;;;;;;;;;;
2023/01/07;0300 UTC;;;;;;;;;;;;;;;;;;
2023/01/07;0400 UTC;;;;;;;;;;;;;;;;;;
2023/01/07;0500 UTC;;;;;;;;;;;;;;;;;;
2023/01/07;0600 UTC;;;;;;;;;;;;;;;;;;
2023/01/07;0700 UTC;;;;;;;;;;;;;;;;;;
2023/01/07;0800 UTC;;;;;;;;;;;;;;;;;;
2023/01/07;0900 UTC;;;;;;;;;;;;;;;;;;
2023/01/07;1000 UTC;;;;;;;;;;;;;;;;;;
2023/01/07;1100 UTC;;;;;;;;;;;;;;;;;;
2023/01/07;1200 UTC;;;;;;;;;;;;;;;;;;
2023/01/07;1300 UTC;;;;;;;;;;;;;;;;;;
2023/01/07;1400 UTC;;;;;;;;;;;;;;;;;;
2023/01/07;1500 UTC;;;;;;;;;;;;;;;;;;
2023/01/07;1600 UTC;;;;;;;;;;;;;;;;;;
2023/01/07;1700 UTC;;;;;;;;;;;;;;;;;;
2023/01/07;1800 UTC;;;;;;;;;;;;;;;;;;
2023/01/07;1900 UTC;;;;;;;;;;;;;;;;;;
2023/01/07;2000 UTC;;;;;;;;;;;;;;;;;;
2023/01/07;2100 UTC;;;;;;;;;;;;;;;;;;
2023/01/07;2200 UTC;;;;;;;;;;;;;;;;;;
2023/01/07;2300 UTC;;;;;;;;;;;;;;;;;;
2023/01/08;0000 UTC;;;;;;;;;;;;;;;;;;
2023/01/08;0100 UTC;;;;;;;;;;;;;;;;;;
2023/01/08;0200 UTC;;;;;;;;;;;;;;;;;;
2023/01/08;0300 UTC;;;;;;;;;;;;;;;;;;
2023/01/08;0400 UTC;;;;;;;;;;;;;;;;;;
2023/01/08;0500 UTC;;;;;;;;;;;;;;;;;;
2023/01/08;0600 UTC;;;;;;;;;;;;;;;;;;
2023/01/08;0700 UTC;;;;;;;;;;;;;;;;;;
2023/01/08;0800 UTC;;;;;;;;;;;;;;;;;;
2023/01/08;0900 UTC;;;;;;;;;;;;;;;;;;
2023/01/08;1000 UTC;;;;;;;;;;;;;;;;;;
2023/01/08;1100 UTC;;;;;;;;;;;;;;;;;;
2023/01/08;1200 UTC;;;;;;;;;;;;;;;;;;
2023/01/08;1300 UTC;;;;;;;;;;;;;;;;;;
2023/01/08;1400 UTC;;;;;;;;;;;;;;;;;;
2023/01/08;1500 UTC;;;;;;;;;;;;;;;;;;
2023/01/08;1600 UTC;;;;;;;;;;;;;;;;;;
2023/01/08;1700 UTC;;;;;;;;;;;;;;;;;;
2023/01/08;1800 UTC;;;;;;;;;;;;;;;;;;
2023/01/08;1900 UTC;;;;;;;;;;;;;;;;;;
2023/01/08;2000 UTC;;;;;;;;;;;;;;;;;;
2023/01/08;2100 UTC;;;;;;;;;;;;;;;;;;
2023/01/08;2200 UTC;;;;;;;;;;;;;;;;;;
2023/01/08;2300 UTC;;;;;;;;;;;;;;;;;;
2023/01/09;0000 UTC;;;;;;;;;;;;;;;;;;
2023/01/09;0100 UTC;;;;;;;;;;;;;;;;;;
2023/01/09;0200 UTC;;;;;;;;;;;;;;;;;;
2023/01/09;0300 UTC;;;;;;;;;;;;;;;;;;
2023/01/09;0400 UTC;;;;;;;;;;;;;;;;;;
2023/01/09;0500 UTC;;;;;;;;;;;;;;;;;;
2023/01/09;0600 UTC;;;;;;;;;;;;;;;;;;
2023/01/09;0700 UTC;;;;;;;;;;;;;;;;;;
2023/01/09;0800 UTC;;;;;;;;;;;;;;;;;;
2023/01/09;0900 UTC;;;;;;;;;;;;;;;;;;
2023/01/09;1000 UTC;;;;;;;;;;;;;;;;;;
2023/01/09;1100 UTC;;;;;;;;;;;;;;;;;;
2023/01/09;1200 UTC;;;;;;;;;;;;;;;;;;
2023/01/09;1300 UTC;;;;;;;;;;;;;;;;;;
2023/01/09;1400 UTC;;;;;;;;;;;;;;;;;;
2023/01/09;1500 UTC;;;;;;;;;;;;;;;;;;
2023/01/09;1600 UTC;;;;;;;;;;;;;;;;;;
2023/01/09;1700 UTC;;;;;;;;;;;;;;;;;;
2023/01/09;1800 UTC;;;;;;;;;;;;;;;;;;
2023/01/09;1900 UTC;;;;;;;;;;;;;;;;;;
2023/01/09;2000 UTC;;;;;;;;;;;;;;;;;;
2023/01/09;2100 UTC;;;;;;;;;;;;;;;;;;
2023/01/09;2200 UTC;;;;;;;;;;;;;;;;;;
2023/01/09;2300 UTC;;;;;;;;;;;;;;;;;;
2023/01/10;0000 UTC;;;;;;;;;;;;;;;;;;
2023/01/10;0100 UTC;;;;;;;;;;;;;;;;;;
2023/01/10;0200 UTC;;;;;;;;;;;;;;;;;;
2023/01/10;0300 UTC;;;;;;;;;;;;;;;;;;
2023/01/10;0400 UTC;;;;;;;;;;;;;;;;;;
2023/01/10;0500 UTC;;;;;;;;;;;;;;;;;;
2023/01/10;0600 UTC;;;;;;;;;;;;;;;;;;
2023/01/10;0700 UTC;;;;;;;;;;;;;;;;;;
2023/01/10;0800 UTC;;;;;;;;;;;;;;;;;;
2023/01/10;0900 UTC;;;;;;;;;;;;;;;;;;
2023/01/10;1000 UTC;;;;;;;;;;;;;;;;;;
2023/01/10;1100 UTC;;;;;;;;;;;;;;;;;;
2023/01/10;1200 UTC;;;;;;;;;;;;;;;;;;
2023/01/10;1300 UTC;;;;;;;;;;;;;;;;;;
2023/01/10;1400 UTC;;;;;;;;;;;;;;;;;;
2023/01/10;1500 UTC;;;;;;;;;;;;;;;;;;
2023/01/10;1600 UTC;;;;;;;;;;;;;;;;;;
2023/01/10;1700 UTC;;;;;;;;;;;;;;;;;;
2023/01/10;1800 UTC;;;;;;;;;;;;;;;;;;
2023/01/10;1900 UTC;;;;;;;;;;;;;;;;;;
2023/01/10;2000 UTC;;;;;;;;;;;;;;;;;;
2023/01/10;2100 UTC;;;;;;;;;;;;;;;;;;
2023/01/10;2200 UTC;;;;;;;;;;;;;;;;;;
2023/01/10;2300 UTC;;;;;;;;;;;;;;;;;;
2023/01/11;0000 UTC;;;;;;;;;;;;;;;;;;
2023/01/11;0100 UTC;;;;;;;;;;;;;;;;;;
2023/01/11;0200 UTC;;;;;;;;;;;;;;;;;;
2023/01/11;0300 UTC;;;;;;;;;;;;;;;;;;
2023/01/11;0400 UTC;;;;;;;;;;;;;;;;;;
2023/01/11;0500 UTC;;;;;;;;;;;;;;;;;;
2023/01/11;0600 UTC;;;;;;;;;;;;;;;;;;
2023/01/11;0700 UTC;;;;;;;;;;;;;;;;;;
2023/01/11;0800 UTC;;;;;;;;;;;;;;;;;;
2023/01/11;0900 UTC;;;;;;;;;;;;;;;;;;
2023/01/11;1000 UTC;;;;;;;;;;;;;;;;;;
2023/01/11;1100 UTC;;;;;;;;;;;;;;;;;;
2023/01/11;1200 UTC;;;;;;;;;;;;;;;;;;
2023/01/11;1300 UTC;;;;;;;;;;;;;;;;;;
2023/01/11;1400 UTC;;;;;;;;;;;;;;;;;;
2023/01/11;1500 UTC;;;;;;;;;;;;;;;;;;
2023/01/11;1600 UTC;;;;;;;;;;;;;;;;;;
2023/01/11;1700 UTC;;;;;;;;;;;;;;;;;;
2023/01/11;1800 UTC;;;;;;;;;;;;;;;;;;
2023/01/11;1900 UTC;;;;;;;;;;;;;;;;;;
2023/01/11;2000 UTC;;;;;;;;;;;;;;;;;;
2023/01/11;2100 UTC;;;;;;;;;;;;;;;;;;
2023/01/11;2200 UTC;;;;;;;;;;;;;;;;;;
2023/01/11;2300 UTC;;;;;;;;;;;;;;;;;;
2023/01/12;0000 UTC;;;;;;;;;;;;;;;;;;
2023/01/12;0100 UTC;;;;;;;;;;;;;;;;;;
2023/01/12;0200 UTC;;;;;;;;;;;;;;;;;;
2023/01/12;0300 UTC;;;;;;;;;;;;;;;;;;
2023/01/12;0400 UTC;;;;;;;;;;;;;;;;;;
2023/01/12;0500 UTC;;;;;;;;;;;;;;;;;;
2023/01/12;0600 UTC;;;;;;;;;;;;;;;;;;
2023/01/12;0700 UTC;;;;;;;;;;;;;;;;;;
2023/01/12;0800 UTC;;;;;;;;;;;;;;;;;;
2023/01/12;0900 UTC;;;;;;;;;;;;;;;;;;
2023/01/12;1000 UTC;;;;;;;;;;;;;;;;;;
2023/01/12;1100 UTC;;;;;;;;;;;;;;;;;;
2023/01/12;1200 UTC;;;;;;;;;;;;;;;;;;
2023/01/12;1300 UTC;;;;;;;;;;;;;;;;;;
2023/01/12;1400 UTC;;;;;;;;;;;;;;;;;;
2023/01/12;1500 UTC;;;;;;;;;;;;;;;;;;
2023/01/12;1600 UTC;;;;;;;;;;;;;;;;;;
2023/01/12;1700 UTC;;;;;;;;;;;;;;;;;;
2023/01/12;1800 UTC;;;;;;;;;;;;;;;;;;
2023/01/12;1900 UTC;;;;;;;;;;;;;;;;;;
2023/01/12;2000 UTC;;;;;;;;;;;;;;;;;;
2023/01/12;2100 UTC;;;;;;;;;;;;;;;;;;
2023/01/12;2200 UTC;;;;;;;;;;;;;;;;;;
2023/01/12;2300 UTC;;;;;;;;;;;;;;;;;;
2023/01/13;0000 UTC;;;;;;;;;;;;;;;;;;
2023/01/13;0100 UTC;;;;;;;;;;;;;;;;;;
2023/01/13;0200 UTC;;;;;;;;;;;;;;;;;;
2023/01/13;0300 UTC;;;;;;;;;;;;;;;;;;
2023/01/13;0400 UTC;;;;;;;;;;;;;;;;;;
2023/01/13;0500 UTC;;;;;;;;;;;;;;;;;;
2023/01/13;0600 UTC;;;;;;;;;;;;;;;;;;
2023/01/13;0700 UTC;;;;;;;;;;;;;;;;;;
2023/01/13;0800 UTC;;;;;;;;;;;;;;;;;;
2023/01/13;0900 UTC;;;;;;;;;;;;;;;;;;
2023/01/13;1000 UTC;;;;;;;;;;;;;;;;;;
2023/01/13;1100 UTC;;;;;;;;;;;;;;;;;;
2023/01/13;1200 UTC;;;;;;;;;;;;;;;;;;
2023/01/13;1300 UTC;;;;;;;;;;;;;;;;;;
2023/01/13;1400 UTC;;;;;;;;;;;;;;;;;;
2023/01/13;1500 UTC;;;;;;;;;;;;;;;;;;
2023/01/13;1600 UTC;;;;;;;;;;;;;;;;;;
2023/01/13;1700 UTC;;;;;;;;;;;;;;;;;;
2023/01/13;1800 UTC;;;;;;;;;;;;;;;;;;
2023/01/13;1900 UTC;;;;;;;;;;;;;;;;;;
2023/01/13;2000 UTC;;;;;;;;;;;;;;;;;;
2023/01/13;2100 UTC;;;;;;;;;;;;;;;;;;
2023/01/13;2200 UTC;;;;;;;;;;;;;;;;;;
2023/01/13;2300 UTC;;;;;;;;;;;;;;;;;;
2023/01/14;0000 UTC;;;;;;;;;;;;;;;;;;
2023/01/14;0100 UTC;;;;;;;;;;;;;;;;;;
2023/01/14;0200 UTC;;;;;;;;;;;;;;;;;;
2023/01/14;0300 UTC;;;;;;;;;;;;;;;;;;
2023/01/14;0400 UTC;;;;;;;;;;;;;;;;;;
2023/01/14;0500 UTC;;;;;;;;;;;;;;;;;;
2023/01/14;0600 UTC;;;;;;;;;;;;;;;;;;
2023/01/14;0700 UTC;;;;;;;;;;;;;;;;;;
2023/01/14;0800 UTC;;;;;;;;;;;;;;;;;;
2023/01/14;0900 UTC;;;;;;;;;;;;;;;;;;
2023/01/14;1000 UTC;;;;;;;;;;;;;;;;;;
2023/01/14;1100 UTC;;;;;;;;;;;;;;;;;;
2023/01/14;1200 UTC;;;;;;;;;;;;;;;;;;
2023/01/14;1300 UTC;;;;;;;;;;;;;;;;;;
2023/01/14;1400 UTC;;;;;;;;;;;;;;;;;;
2023/01/14;1500 UTC;;;;;;;;;;;;;;;;;;
2023/01/14;1600 UTC;;;;;;;;;;;;;;;;;;
2023/01/14;1700 UTC;;;;;;;;;;;;;;;;;;
2023/01/14;1800 UTC;;;;;;;;;;;;;;;;;;
2023/01/14;1900 UTC;;;;;;;;;;;;;;;;;;
2023/01/14;2000 UTC;;;;;;;;;;;;;;;;;;
2023/01/14;2100 UTC;;;;;;;;;;;;;;;;;;
2023/01/14;2200 UTC;;;;;;;;;;;;;;;;;;
2023/01/14;2300 UTC;;;;;;;;;;;;;;;;;;
2023/01/15;0000 UTC;;;;;;;;;;;;;;;;;;
2023/01/15;0100 UTC;;;;;;;;;;;;;;;;;;
2023/01/15;0200 UTC;;;;;;;;;;;;;;;;;;
2023/01/15;0300 UTC;;;;;;;;;;;;;;;;;;
2023/01/15;0400 UTC;;;;;;;;;;;;;;;;;;
2023/01/15;0500 UTC;;;;;;;;;;;;;;;;;;
2023/01/15;0600 UTC;;;;;;;;;;;;;;;;;;
2023/01/15;0700 UTC;;;;;;;;;;;;;;;;;;
2023/01/15;0800 UTC;;;;;;;;;;;;;;;;;;
2023/01/15;0900 UTC;;;;;;;;;;;;;;;;;;
2023/01/15;1000 UTC;;;;;;;;;;;;;;;;;;
2023/01/15;1100 UTC;;;;;;;;;;;;;;;;;;
2023/01/15;1200 UTC;;;;;;;;;;;;;;;;;;
2023/01/15;1300 UTC;;;;;;;;;;;;;;;;;;
2023/01/15;1400 UTC;;;;;;;;;;;;;;;;;;
2023/01/15;1500 UTC;;;;;;;;;;;;;;;;;;
2023/01/15;1600 UTC;;;;;;;;;;;;;;;;;;
2023/01/15;1700 UTC;;;;;;;;;;;;;;;;;;
2023/01/15;1800 UTC;;;;;;;;;;;;;;;;;;
2023/01/15;1900 UTC;;;;;;;;;;;;;;;;;;
2023/01/15;2000 UTC;;;;;;;;;;;;;;;;;;
2023/01/15;2100 UTC;;;;;;;;;;;;;;;;;;
2023/01/15;2200 UTC;;;;;;;;;;;;;;;;;;
2023/01/15;2300 UTC;;;;;;;;;;;;;;;;;;
2023/01/16;0000 UTC;;;;;;;;;;;;;;;;;;
2023/01/16;0100 UTC;;;;;;;;;;;;;;;;;;
2023/01/16;0200 UTC;;;;;;;;;;;;;;;;;;
2023/01/16;0300 UTC;;;;;;;;;;;;;;;;;;
2023/01/16;0400 UTC;;;;;;;;;;;;;;;;;;
2023/01/16;0500 UTC;;;;;;;;;;;;;;;;;;
2023/01/16;0600 UTC;;;;;;;;;;;;;;;;;;
2023/01/16;0700 UTC;;;;;;;;;;;;;;;;;;
2023/01/16;0800 UTC;;;;;;;;;;;;;;;;;;
2023/01/16;0900 UTC;;;;;;;;;;;;;;;;;;
2023/01/16;1000 UTC;;;;;;;;;;;;;;;;;;
2023/01/16;1100 UTC;;;;;;;;;;;;;;;;;;
2023/01/16;1200 UTC;;;;;;;;;;;;;;;;;;
2023/01/16;1300 UTC;;;;;;;;;;;;;;;;;;
2023/01/16;1400 UTC;;;;;;;;;;;;;;;;;;
2023/01/16;1500 UTC;;;;;;;;;;;;;;;;;;
2023/01/16;1600 UTC;;;;;;;;;;;;;;;;;;
2023/01/16;1700 UTC;;;;;;;;;;;;;;;;;;
2023/01/16;1800 UTC;;;;;;;;;;;;;;;;;;
2023/01/16;1900 UTC;;;;;;;;;;;;;;;;;;
2023/01/16;2000 UTC;;;;;;;;;;;;;;;;;;
2023/01/16;2100 UTC;;;;;;;;;;;;;;;;;;
2023/01/16;2200 UTC;;;;;;;;;;;;;;;;;;
2023/01/16;2300 UTC;;;;;;;;;;;;;;;;;;
2023/01/17;0000 UTC;;;;;;;;;;;;;;;;;;
2023/01/17;0100 UTC;;;;;;;;;;;;;;;;;;
2023/01/17;0200 UTC;;;;;;;;;;;;;;;;;;
2023/01/17;0300 UTC;;;;;;;;;;;;;;;;;;
2023/01/17;0400 UTC;;;;;;;;;;;;;;;;;;
2023/01/17;0500 UTC;;;;;;;;;;;;;;;;;;
2023/01/17;0600 UTC;;;;;;;;;;;;;;;;;;
2023/01/17;0700 UTC;;;;;;;;;;;;;;;;;;
2023/01/17;0800 UTC;;;;;;;;;;;;;;;;;;
2023/01/17;0900 UTC;;;;;;;;;;;;;;;;;;
2023/01/17;1000 UTC;;;;;;;;;;;;;;;;;;
2023/01/17;1100 UTC;;;;;;;;;;;;;;;;;;
2023/01/17;1200 UTC;;;;;;;;;;;;;;;;;;
2023/01/17;1300 UTC;;;;;;;;;;;;;;;;;;
2023/01/17;1400 UTC;;;;;;;;;;;;;;;;;;
2023/01/17;1500 UTC;;;;;;;;;;;;;;;;;;
2023/01/17;1600 UTC;;;;;;;;;;;;;;;;;;
2023/01/17;1700 UTC;;;;;;;;;;;;;;;;;;
2023/01/17;1800 UTC;;;;;;;;;;;;;;;;;;
2023/01/17;1900 UTC;;;;;;;;;;;;;;;;;;
2023/01/17;2000 UTC;;;;;;;;;;;;;;;;;;
2023/01/17;2100 UTC;;;;;;;;;;;;;;;;;;
2023/01/17;2200 UTC;;;;;;;;;;;;;;;;;;
2023/01/17;2300 UTC;;;;;;;;;;;;;;;;;;
2023/01/18;0000 UTC;;;;;;;;;;;;;;;;;;
2023/01/18;0100 UTC;;;;;;;;;;;;;;;;;;
2023/01/18;0200 UTC;;;;;;;;;;;;;;;;;;
2023/01/18;0300 UTC;;;;;;;;;;;;;;;;;;
2023/01/18;0400 UTC;;;;;;;;;;;;;;;;;;
2023/01/18;0500 UTC;;;;;;;;;;;;;;;;;;
2023/01/18;0600 UTC;;;;;;;;;;;;;;;;;;
2023/01/18;0700 UTC;;;;;;;;;;;;;;;;;;
2023/01/18;0800 UTC;;;;;;;;;;;;;;;;;;
2023/01/18;0900 UTC;;;;;;;;;;;;;;;;;;
2023/01/18;1000 UTC;;;;;;;;;;;;;;;;;;
2023/01/18;1100 UTC;;;;;;;;;;;;;;;;;;
2023/01/18;1200 UTC;;;;;;;;;;;;;;;;;;
2023/01/18;1300 UTC;;;;;;;;;;;;;;;;;;
2023/01/18;1400 UTC;;;;;;;;;;;;;;;;;;
2023/01/18;1500 UTC;;;;;;;;;;;;;;;;;;
2023/01/18;1600 UTC;;;;;;;;;;;;;;;;;;
2023/01/18;1700 UTC;;;;;;;;;;;;;;;;;;
2023/01/18;1800 UTC;;;;;;;;;;;;;;;;;;
2023/01/18;1900 UTC;;;;;;;;;;;;;;;;;;
2023/01/18;2000 UTC;;;;;;;;;;;;;;;;;;
2023/01/18;2100 UTC;;;;;;;;;;;;;;;;;;
2023/01/18;2200 UTC;;;;;;;;;;;;;;;;;;
2023/01/18;2300 UTC;;;;;;;;;;;;;;;;;;
2023/01/19;0000 UTC;;;;;;;;;;;;;;;;;;
2023/01/19;0100 UTC;;;;;;;;;;;;;;;;;;
2023/01/19;0200 UTC;;;;;;;;;;;;;;;;;;
2023/01/19;0300 UTC;;;;;;;;;;;;;;;;;;
2023/01/19;0400 UTC;;;;;;;;;;;;;;;;;;
2023/01/19;0500 UTC;;;;;;;;;;;;;;;;;;
2023/01/19;0600 UTC;;;;;;;;;;;;;;;;;;
2023/01/19;0700 UTC;;;;;;;;;;;;;;;;;;
2023/01/19;0800 UTC;;;;;;;;;;;;;;;;;;
2023/01/19;0900 UTC;;;;;;;;;;;;;;;;;;
2023/01/19;1000 UTC;;;;;;;;;;;;;;;;;;
2023/01/19;1100 UTC;;;;;;;;;;;;;;;;;;
2023/01/19;1200 UTC;;;;;;;;;;;;;;;;;;
2023/01/19;1300 UTC;;;;;;;;;;;;;;;;;;
2023/01/19;1400 UTC;;;;;;;;;;;;;;;;;;
2023/01/19;1500 UTC;;;;;;;;;;;;;;;;;;
2023/01/19;1600 UTC;;;;;;;;;;;;;;;;;;
2023/01/19;1700 UTC;;;;;;;;;;;;;;;;;;
2023/01/19;1800 UTC;;;;;;;;;;;;;;;;;;
2023/01/19;1900 UTC;;;;;;;;;;;;;;;;;;
2023/01/19;2000 UTC;;;;;;;;;;;;;;;;;;
2023/01/19;2100 UTC;;;;;;;;;;;;;;;;;;
2023/01/19;2200 UTC;;;;;;;;;;;;;;;;;;
2023/01/19;2300 UTC;;;;;;;;;;;;;;;;;;
2023/01/20;0000 UTC;;;;;;;;;;;;;;;;;;
2023/01/20;0100 UTC;;;;;;;;;;;;;;;;;;
2023/01/20;0200 UTC;;;;;;;;;;;;;;;;;;
2023/01/20;0300 UTC;;;;;;;;;;;;;;;;;;
2023/01/20;0400 UTC;;;;;;;;;;;;;;;;;;
2023/01/20;0500 UTC;;;;;;;;;;;;;;;;;;
2023/01/20;0600 UTC;;;;;;;;;;;;;;;;;;
2023/01/20;0700 UTC;;;;;;;;;;;;;;;;;;
2023/01/20;0800 UTC;;;;;;;;;;;;;;;;;;
2023/01/20;0900 UTC;;;;;;;;;;;;;;;;;;
2023/01/20;1000 UTC;;;;;;;;;;;;;;;;;;
2023/01/20;1100 UTC;;;;;;;;;;;;;;;;;;
2023/01/20;1200 UTC;;;;;;;;;;;;;;;;;;
2023/01/20;1300 UTC;;;;;;;;;;;;;;;;;;
2023/01/20;1400 UTC;;;;;;;;;;;;;;;;;;
2023/01/20;1500 UTC;;;;;;;;;;;;;;;;;;
2023/01/20;1600 UTC;;;;;;;;;;;;;;;;;;
2023/01/20;1700 UTC;;;;;;;;;;;;;;;;;;
2023/01/20;1800 UTC;;;;;;;;;;;;;;;;;;
2023/01/20;1900 UTC;;;;;;;;;;;;;;;;;;
2023/01/20;2000 UTC;;;;;;;;;;;;;;;;;;
2023/01/20;2100 UTC;;;;;;;;;;;;;;;;;;
2023/01/20;2200 UTC;;;;;;;;;;;;;;;;;;
2023/01/20;2300 UTC;;;;;;;;;;;;;;;;;;
2023/01/21;0000 UTC;;;;;;;;;;;;;;;;;;
2023/01/21;0100 UTC;;;;;;;;;;;;;;;;;;
2023/01/21;0200 UTC;;;;;;;;;;;;;;;;;;
2023/01/21;0300 UTC;;;;;;;;;;;;;;;;;;
2023/01/21;0400 UTC;;;;;;;;;;;;;;;;;;
2023/01/21;0500 UTC;;;;;;;;;;;;;;;;;;
2023/01/21;0600 UTC;;;;;;;;;;;;;;;;;;
2023/01/21;0700 UTC;;;;;;;;;;;;;;;;;;
2023/01/21;0800 UTC;;;;;;;;;;;;;;;;;;
2023/01/21;0900 UTC;;;;;;;;;;;;;;;;;;
2023/01/21;1000 UTC;;;;;;;;;;;;;;;;;;
2023/01/21;1100 UTC;;;;;;;;;;;;;;;;;;
2023/01/21;1200 UTC;;;;;;;;;;;;;;;;;;
2023/01/21;1300 UTC;;;;;;;;;;;;;;;;;;
2023/01/21;1400 UTC;;;;;;;;;;;;;;;;;;
2023/01/21;1500 UTC;;;;;;;;;;;;;;;;;;
2023/01/21;1600 UTC;;;;;;;;;;;;;;;;;;
2023/01/21;1700 UTC;;;;;;;;;;;;;;;;;;
2023/01/21;1800 UTC;;;;;;;;;;;;;;;;;;
2023/01/21;1900 UTC;;;;;;;;;;;;;;;;;;
2023/01/21;2000 UTC;;;;;;;;;;;;;;;;;;
2023/01/21;2100 UTC;;;;;;;;;;;;;;;;;;
2023/01/21;2200 UTC;;;;;;;;;;;;;;;;;;
2023/01/21;2300 UTC;;;;;;;;;;;;;;;;;;
2023/01/22;0000 UTC;;;;;;;;;;;;;;;;;;
2023/01/22;0100 UTC;;;;;;;;;;;;;;;;;;
2023/01/22;0200 UTC;;;;;;;;;;;;;;;;;;
2023/01/22;0300 UTC;;;;;;;;;;;;;;;;;;
2023/01/22;0400 UTC;;;;;;;;;;;;;;;;;;
2023/01/22;0500 UTC;;;;;;;;;;;;;;;;;;
2023/01/22;0600 UTC;;;;;;;;;;;;;;;;;;
2023/01/22;0700 UTC;;;;;;;;;;;;;;;;;;
2023/01/22;0800 UTC;;;;;;;;;;;;;;;;;;
2023/01/22;0900 UTC;;;;;;;;;;;;;;;;;;
2023/01/22;1000 UTC;;;;;;;;;;;;;;;;;;
2023/01/22;1100 UTC;;;;;;;;;;;;;;;;;;
2023/01/22;1200 UTC;;;;;;;;;;;;;;;;;;
2023/01/22;1300 UTC;;;;;;;;;;;;;;;;;;
2023/01/22;1400 UTC;;;;;;;;;;;;;;;;;;
2023/01/22;1500 UTC;;;;;;;;;;;;;;;;;;
2023/01/22;1600 UTC;;;;;;;;;;;;;;;;;;
2023/01/22;1700 UTC;;;;;;;;;;;;;;;;;;
2023/01/22;1800 UTC;;;;;;;;;;;;;;;;;;
2023/01/22;1900 UTC;;;;;;;;;;;;;;;;;;
2023/01/22;2000 UTC;;;;;;;;;;;;;;;;;;
2023/01/22;2100 UTC;;;;;;;;;;;;;;;;;;
2023/01/22;2200 UTC;;;;;;;;;;;;;;;;;;
2023/01/22;2300 UTC;;;;;;;;;;;;;;;;;;
2023/01/23;0000 UTC;;;;;;;;;;;;;;;;;;
2023/01/23;0100 UTC;;;;;;;;;;;;;;;;;;
2023/01/23;0200 UTC;;;;;;;;;;;;;;;;;;
2023/01/23;0300 UTC;;;;;;;;;;;;;;;;;;
2023/01/23;0400 UTC;;;;;;;;;;;;;;;;;;
2023/01/23;0500 UTC;;;;;;;;;;;;;;;;;;
2023/01/23;0600 UTC;;;;;;;;;;;;;;;;;;
2023/01/23;0700 UTC;;;;;;;;;;;;;;;;;;
2023/01/23;0800 UTC;;;;;;;;;;;;;;;;;;
2023/01/23;0900 UTC;;;;;;;;;;;;;;;;;;
2023/01/23;1000 UTC;;;;;;;;;;;;;;;;;;
2023/01/23;1100 UTC;;;;;;;;;;;;;;;;;;
2023/01/23;1200 UTC;;;;;;;;;;;;;;;;;;
2023/01/23;1300 UTC;;;;;;;;;;;;;;;;;;
2023/01/23;1400 UTC;;;;;;;;;;;;;;;;;;
2023/01/23;1500 UTC;;;;;;;;;;;;;;;;;;
2023/01/23;1600 UTC;;;;;;;;;;;;;;;;;;
2023/01/23;1700 UTC;;;;;;;;;;;;;;;;;;
2023/01/23;1800 UTC;;;;;;;;;;;;;;;;;;
2023/01/23;1900 UTC;;;;;;;;;;;;;;;;;;
2023/01/23;2000 UTC;;;;;;;;;;;;;;;;;;
2023/01/23;2100 UTC;;;;;;;;;;;;;;;;;;
2023/01/23;2200 UTC;;;;;;;;;;;;;;;;;;
2023/01/23;2300 UTC;;;;;;;;;;;;;;;;;;
2023/01/24;0000 UTC;;;;;;;;;;;;;;;;;;
2023/01/24;0100 UTC;;;;;;;;;;;;;;;;;;
2023/01/24;0200 UTC;;;;;;;;;;;;;;;;;;
2023/01/24;0300 UTC;;;;;;;;;;;;;;;;;;
2023/01/24;0400 UTC;;;;;;;;;;;;;;;;;;
2023/01/24;0500 UTC;;;;;;;;;;;;;;;;;;
2023/01/24;0600 UTC;;;;;;;;;;;;;;;;;;
2023/01/24;0700 UTC;;;;;;;;;;;;;;;;;;
2023/01/24;0800 UTC;;;;;;;;;;;;;;;;;;
2023/01/24;0900 UTC;;;;;;;;;;;;;;;;;;
2023/01/24;1000 UTC;;;;;;;;;;;;;;;;;;
2023/01/24;1100 UTC;;;;;;;;;;;;;;;;;;
2023/01/24;1200 UTC;;;;;;;;;;;;;;;;;;
2023/01/24;1300 UTC;;;;;;;;;;;;;;;;;;
2023/01/24;1400 UTC;;;;;;;;;;;;;;;;;;
2023/01/24;1500 UTC;;;;;;;;;;;;;;;;;;
2023/01/24;1600 UTC;;;;;;;;;;;;;;;;;;
2023/01/24;1700 UTC;;;;;;;;;;;;;;;;;;
2023/01/24;1800 UTC;;;;;;;;;;;;;;;;;;
2023/01/24;1900 UTC;;;;;;;;;;;;;;;;;;
2023/01/24;2000 UTC;;;;;;;;;;;;;;;;;;
2023/01/24;2100 UTC;;;;;;;;;;;;;;;;;;
2023/01/24;2200 UTC;;;;;;;;;;;;;;;;;;
2023/01/24;2300 UTC;;;;;;;;;;;;;;;;;;
2023/01/25;0000 UTC;;;;;;;;;;;;;;;;;;
2023/01/25;0100 UTC;;;;;;;;;;;;;;;;;;
2023/01/25;0200 UTC;;;;;;;;;;;;;;;;;;
2023/01/25;0300 UTC;;;;;;;;;;;;;;;;;;
2023/01/25;0400 UTC;;;;;;;;;;;;;;;;;;
2023/01/25;0500 UTC;;;;;;;;;;;;;;;;;;
2023/01/25;0600 UTC;;;;;;;;;;;;;;;;;;
2023/01/25;0700 UTC;;;;;;;;;;;;;;;;;;
2023/01/25;0800 UTC;;;;;;;;;;;;;;;;;;
2023/01/25;0900 UTC;;;;;;;;;;;;;;;;;;
2023/01/25;1000 UTC;;;;;;;;;;;;;;;;;;
2023/01/25;1100 UTC;;;;;;;;;;;;;;;;;;
2023/01/25;1200 UTC;;;;;;;;;;;;;;;;;;
2023/01/25;1300 UTC;;;;;;;;;;;;;;;;;;
2023/01/25;1400 UTC;;;;;;;;;;;;;;;;;;
2023/01/25;1500 UTC;;;;;;;;;;;;;;;;;;
2023/01/25;1600 UTC;;;;;;;;;;;;;;;;;;
2023/01/25;1700 UTC;;;;;;;;;;;;;;;;;;
2023/01/25;1800 UTC;;;;;;;;;;;;;;;;;;
2023/01/25;1900 UTC;;;;;;;;;;;;;;;;;;
2023/01/25;2000 UTC;;;;;;;;;;;;;;;;;;
2023/01/25;2100 UTC;;;;;;;;;;;;;;;;;;
2023/01/25;2200 UTC;;;;;;;;;;;;;;;;;;
2023/01/25;2300 UTC;;;;;;;;;;;;;;;;;;
2023/01/26;0000 UTC;;;;;;;;;;;;;;;;;;
2023/01/26;0100 UTC;;;;;;;;;;;;;;;;;;
2023/01/26;0200 UTC;;;;;;;;;;;;;;;;;;
2023/01/26;0300 UTC;;;;;;;;;;;;;;;;;;
2023/01/26;0400 UTC;;;;;;;;;;;;;;;;;;
2023/01/26;0500 UTC;;;;;;;;;;;;;;;;;;
2023/01/26;0600 UTC;;;;;;;;;;;;;;;;;;
2023/01/26;0700 UTC;;;;;;;;;;;;;;;;;;
2023/01/26;0800 UTC;;;;;;;;;;;;;;;;;;
2023/01/26;0900 UTC;;;;;;;;;;;;;;;;;;
2023/01/26;1000 UTC;;;;;;;;;;;;;;;;;;
2023/01/26;1100 UTC;;;;;;;;;;;;;;;;;;
2023/01/26;1200 UTC;;;;;;;;;;;;;;;;;;
2023/01/26;1300 UTC;;;;;;;;;;;;;;;;;;
2023/01/26;1400 UTC;;;;;;;;;;;;;;;;;;
2023/01/26;1500 UTC;;;;;;;;;;;;;;;;;;
2023/01/26;1600 UTC;;;;;;;;;;;;;;;;;;
2023/01/26;1700 UTC;;;;;;;;;;;;;;;;;;
2023/01/26;1800 UTC;;;;;;;;;;;;;;;;;;
2023/01/26;1900 UTC;;;;;;;;;;;;;;;;;;
2023/01/26;2000 UTC;;;;;;;;;;;;;;;;;;
2023/01/26;2100 UTC;;;;;;;;;;;;;;;;;;
2023/01/26;2200 UTC;;;;;;;;;;;;;;;;;;
2023/01/26;2300 UTC;;;;;;;;;;;;;;;;;;
2023/01/27;0000 UTC;;;;;;;;;;;;;;;;;;
2023/01/27;0100 UTC;;;;;;;;;;;;;;;;;;
2023/01/27;0200 UTC;;;;;;;;;;;;;;;;;;
2023/01/27;0300 UTC;;;;;;;;;;;;;;;;;;
2023/01/27;0400 UTC;;;;;;;;;;;;;;;;;;
2023/01/27;0500 UTC;;;;;;;;;;;;;;;;;;
2023/01/27;0600 UTC;;;;;;;;;;;;;;;;;;
2023/01/27;0700 UTC;;;;;;;;;;;;;;;;;;
2023/01/27;0800 UTC;;;;;;;;;;;;;;;;;;
2023/01/27;0900 UTC;;;;;;;;;;;;;;;;;;
2023/01/27;1000 UTC;;;;;;;;;;;;;;;;;;
2023/01/27;1100 UTC;;;;;;;;;;;;;;;;;;
2023/01/27;1200 UTC;;;;;;;;;;;;;;;;;;
2023/01/27;1300 UTC;;;;;;;;;;;;;;;;;;
2023/01/27;1400 UTC;;;;;;;;;;;;;;;;;;
2023/01/27;1500 UTC;;;;;;;;;;;;;;;;;;
2023/01/27;1600 UTC;;;;;;;;;;;;;;;;;;
2023/01/27;1700 UTC;;;;;;;;;;;;;;;;;;
2023/01/27;1800 UTC;;;;;;;;;;;;;;;;;;
2023/01/27;1900 UTC;;;;;;;;;;;;;;;;;;
2023/01/27;2000 UTC;;;;;;;;;;;;;;;;;;
2023/01/27;2100 UTC;;;;;;;;;;;;;;;;;;
2023/01/27;2200 UTC;;;;;;;;;;;;;;;;;;
2023/01/27;2300 UTC;;;;;;;;;;;;;;;;;;
2023/01/28;0000 UTC;;;;;;;;;;;;;;;;;;
2023/01/28;0100 UTC;;;;;;;;;;;;;;;;;;
2023/01/28;0200 UTC;;;;;;;;;;;;;;;;;;
2023/01/28;0300 UTC;;;;;;;;;;;;;;;;;;
2023/01/28;0400 UTC;;;;;;;;;;;;;;;;;;
2023/01/28;0500 UTC;;;;;;;;;;;;;;;;;;
2023/01/28;0600 UTC;;;;;;;;;;;;;;;;;;
2023/01/28;0700 UTC;;;;;;;;;;;;;;;;;;
2023/01/28;0800 UTC;;;;;;;;;;;;;;;;;;
2023/01/28;0900 UTC;;;;;;;;;;;;;;;;;;
2023/01/28;1000 UTC;;;;;;;;;;;;;;;;;;
2023/01/28;1100 UTC;;;;;;;;;;;;;;;;;;
2023/01/28;1200 UTC;;;;;;;;;;;;;;;;;;
2023/01/28;1300 UTC;;;;;;;;;;;;;;;;;;
2023/01/28;1400 UTC;;;;;;;;;;;;;;;;;;
2023/01/28;1500 UTC;;;;;;;;;;;;;;;;;;
2023/01/28;1600 UTC;;;;;;;;;;;;;;;;;;
2023/01/28;1700 UTC;;;;;;;;;;;;;;;;;;
2023/01/28;1800 UTC;;;;;;;;;;;;;;;;;;
2023/01/28;1900 UTC;;;;;;;;;;;;;;;;;;
2023/01/28;2000 UTC;;;;;;;;;;;;;;;;;;
2023/01/28;2100 UTC;;;;;;;;;;;;;;;;;;
2023/01/28;2200 UTC;;;;;;;;;;;;;;;;;;
2023/01/28;2300 UTC;;;;;;;;;;;;;;;;;;
2023/01/29;0000 UTC;;;;;;;;;;;;;;;;;;
2023/01/29;0100 UTC;;;;;;;;;;;;;;;;;;
2023/01/29;0200 UTC;;;;;;;;;;;;;;;;;;
2023/01/29;0300 UTC;;;;;;;;;;;;;;;;;;
2023/01/29;0400 UTC;;;;;;;;;;;;;;;;;;
2023/01/29;0500 UTC;;;;;;;;;;;;;;;;;;
2023/01/29;0600 UTC;;;;;;;;;;;;;;;;;;
2023/01/29;0700 UTC;;;;;;;;;;;;;;;;;;
2023/01/29;0800 UTC;;;;;;;;;;;;;;;;;;
2023/01/29;0900 UTC;;;;;;;;;;;;;;;;;;
2023/01/29;1000 UTC;;;;;;;;;;;;;;;;;;
2023/01/29;1100 UTC;;;;;;;;;;;;;;;;;;
2023/01/29;1200 UTC;;;;;;;;;;;;;;;;;;
2023/01/29;1300 UTC;;;;;;;;;;;;;;;;;;
2023/01/29;1400 UTC;;;;;;;;;;;;;;;;;;
2023/01/29;1500 UTC;;;;;;;;;;;;;;;;;;
2023/01/29;1600 UTC;;;;;;;;;;;;;;;;;;
2023/01/29;1700 UTC;;;;;;;;;;;;;;;;;;
2023/01/29;1800 UTC;;;;;;;;;;;;;;;;;;
2023/01/29;1900 UTC;;;;;;;;;;;;;;;;;;
2023/01/29;2000 UTC;;;;;;;;;;;;;;;;;;
2023/01/29;2100 UTC;;;;;;;;;;;;;;;;;;
2023/01/29;2200 UTC;;;;;;;;;;;;;;;;;;
2023/01/29;2300 UTC;;;;;;;;;;;;;;;;;;
2023/01/30;0000 UTC;;;;;;;;;;;;;;;;;;
2023/01/30;0100 UTC;;;;;;;;;;;;;;;;;;
2023/01/30;0200 UTC;;;;;;;;;;;;;;;;;;
2023/01/30;0300 UTC;;;;;;;;;;;;;;;;;;
2023/01/30;0400 UTC;;;;;;;;;;;;;;;;;;
2023/01/30;0500 UTC;;;;;;;;;;;;;;;;;;
2023/01/30;0600 UTC;;;;;;;;;;;;;;;;;;
2023/01/30;0700 UTC;;;;;;;;;;;;;;;;;;
2023/01/30;0800 UTC;;;;;;;;;;;;;;;;;;
2023/01/30;0900 UTC;;;;;;;;;;;;;;;;;;
2023/01/30;1000 UTC;;;;;;;;;;;;;;;;;;
2023/01/30;1100 UTC;;;;;;;;;;;;;;;;;;
2023/01/30;1200 UTC;;;;;;;;;;;;;;;;;;
2023/01/30;1300 UTC;;;;;;;;;;;;;;;;;;
2023/01/30;1400 UTC;;;;;;;;;;;;;;;;;;
2023/01/30;1500 UTC;;;;;;;;;;;;;;;;;;
2023/01/30;1600 UTC;;;;;;;;;;;;;;;;;;
2023/01/30;1700 UTC;;;;;;;;;;;;;;;;;;
2023/01/30;1800 UTC;;;;;;;;;;;;;;;;;;
2023/01/30;1900 UTC;;;;;;;;;;;;;;;;;;
2023/01/30;2000 UTC;;;;;;;;;;;;;;;;;;
2023/01/30;2100 UTC;;;;;;;;;;;;;;;;;;
2023/01/30;2200 UTC;;;;;;;;;;;;;;;;;;
2023/01/30;2300 UTC;;;;;;;;;;;;;;;;;;
2023/01/31;0000 UTC;;;;;;;;;;;;;;;;;;
2023/01/31;0100 UTC;;;;;;;;;;;;;;;;;;
2023/01/31;0200 UTC;;;;;;;;;;;;;;;;;;
2023/01/31;0300 UTC;;;;;;;;;;;;;;;;;;
2023/01/31;0400 UTC;;;;;;;;;;;;;;;;;;
2023/01/31;0500 UTC;;;;;;;;;;;;;;;;;;
2023/01/31;0600 UTC;;;;;;;;;;;;;;;;;;
2023/01/31;0700 UTC;;;;;;;;;;;;;;;;;;
2023/01/31;0800 UTC;;;;;;;;;;;;;;;;;;
2023/01/31;0900 UTC;;;;;;;;;;;;;;;;;;
2023/01/31;1000 UTC;;;;;;;;;;;;;;;;;;
2023/01/31;1100 UTC;;;;;;;;;;;;;;;;;;
2023/01/31;1200 UTC;;;;;;;;;;;;;;;;;;
2023/01/31;1300 UTC;;;;;;;;;;;;;;;;;;
2023/01/31;1400 UTC;;;;;;;;;;;;;;;;;;
2023/01/31;1500 UTC;;;;;;;;;;;;;;;;;;
2023/01/31;1600 UTC;;;;;;;;;;;;;;;;;;
2023/01/31;1700 UTC;;;;;;;;;;;;;;;;;;
2023/01/31;1800 UTC;;;;;;;;;;;;;;;;;;
2023/01/31;1900 UTC;;;;;;;;;;;;;;;;;;
2023/01/31;2000 UTC;;;;;;;;;;;;;;;;;;
2023/01/31;2100 UTC;;;;;;;;;;;;;;;;;;
2023/01/31;2200 UTC;;;;;;;;;;;;;;;;;;
2023/01/31;2300 UTC;;;;;;;;;;;;;;;;;;
2023/02/01;0000 UTC;;;;;;;;;;;;;;;;;;
2023/02/01;0100 UTC;;;;;;;;;;;;;;;;;;
2023/02/01;0200 UTC;;;;;;;;;;;;;;;;;;
2023/02/01;0300 UTC;;;;;;;;;;;;;;;;;;
2023/02/01;0400 UTC;;;;;;;;;;;;;;;;;;
2023/02/01;0500 UTC;;;;;;;;;;;;;;;;;;
2023/02/01;0600 UTC;;;;;;;;;;;;;;;;;;
2023/02/01;0700 UTC;;;;;;;;;;;;;;;;;;
2023/02/01;0800 UTC;;;;;;;;;;;;;;;;;;
2023/02/01;0900 UTC;;;;;;;;;;;;;;;;;;
2023/02/01;1000 UTC;;;;;;;;;;;;;;;;;;
2023/02/01;1100 UTC;;;;;;;;;;;;;;;;;;
2023/02/01;1200 UTC;;;;;;;;;;;;;;;;;;
2023/02/01;1300 UTC;;;;;;;;;;;;;;;;;;
2023/02/01;1400 UTC;;;;;;;;;;;;;;;;;;
2023/02/01;1500 UTC;;;;;;;;;;;;;;;;;;
2023/02/01;1600 UTC;;;;;;;;;;;;;;;;;;
2023/02/01;1700 UTC;;;;;;;;;;;;;;;;;;
2023/02/01;1800 UTC;;;;;;;;;;;;;;;;;;
2023/02/01;1900 UTC;;;;;;;;;;;;;;;;;;
2023/02/01;2000 UTC;;;;;;;;;;;;;;;;;;
2023/02/01;2100 UTC;;;;;;;;;;;;;;;;;;
2023/02/01;2200 UTC;;;;;;;;;;;;;;;;;;
2023/02/01;2300 UTC;;;;;;;;;;;;;;;;;;
2023/02/02;0000 UTC;;;;;;;;;;;;;;;;;;
2023/02/02;0100 UTC;;;;;;;;;;;;;;;;;;
2023/02/02;0200 UTC;;;;;;;;;;;;;;;;;;
2023/02/02;0300 UTC;;;;;;;;;;;;;;;;;;
2023/02/02;0400 UTC;;;;;;;;;;;;;;;;;;
2023/02/02;0500 UTC;;;;;;;;;;;;;;;;;;
2023/02/02;0600 UTC;;;;;;;;;;;;;;;;;;
2023/02/02;0700 UTC;;;;;;;;;;;;;;;;;;
2023/02/02;0800 UTC;;;;;;;;;;;;;;;;;;
2023/02/02;0900 UTC;;;;;;;;;;;;;;;;;;
2023/02/02;1000 UTC;;;;;;;;;;;;;;;;;;
2023/02/02;1100 UTC;;;;;;;;;;;;;;;;;;
2023/02/02;1200 UTC;;;;;;;;;;;;;;;;;;
2023/02/02;1300 UTC;;;;;;;;;;;;;;;;;;
2023/02/02;1400 UTC;;;;;;;;;;;;;;;;;;
2023/02/02;1500 UTC;;;;;;;;;;;;;;;;;;
2023/02/02;1600 UTC;;;;;;;;;;;;;;;;;;
2023/02/02;1700 UTC;;;;;;;;;;;;;;;;;;
2023/02/02;1800 UTC;;;;;;;;;;;;;;;;;;
2023/02/02;1900 UTC;;;;;;;;;;;;;;;;;;
2023/02/02;2000 UTC;;;;;;;;;;;;;;;;;;
2023/02/02;2100 UTC;;;;;;;;;;;;;;;;;;
2023/02/02;2200 UTC;;;;;;;;;;;;;;;;;;
2023/02/02;2300 UTC;;;;;;;;;;;;;;;;;;
2023/02/03;0000 UTC;;;;;;;;;;;;;;;;;;
2023/02/03;0100 UTC;;;;;;;;;;;;;;;;;;
2023/02/03;0200 UTC;;;;;;;;;;;;;;;;;;
2023/02/03;0300 UTC;;;;;;;;;;;;;;;;;;
2023/02/03;0400 UTC;;;;;;;;;;;;;;;;;;
2023/02/03;0500 UTC;;;;;;;;;;;;;;;;;;
2023/02/03;0600 UTC;;;;;;;;;;;;;;;;;;
2023/02/03;0700 UTC;;;;;;;;;;;;;;;;;;
2023/02/03;0800 UTC;;;;;;;;;;;;;;;;;;
2023/02/03;0900 UTC;;;;;;;;;;;;;;;;;;
2023/02/03;1000 UTC;;;;;;;;;;;;;;;;;;
2023/02/03;1100 UTC;;;;;;;;;;;;;;;;;;
2023/02/03;1200 UTC;;;;;;;;;;;;;;;;;;
2023/02/03;1300 UTC;;;;;;;;;;;;;;;;;;
2023/02/03;1400 UTC;;;;;;;;;;;;;;;;;;
2023/02/03;1500 UTC;;;;;;;;;;;;;;;;;;
2023/02/03;1600 UTC;;;;;;;;;;;;;;;;;;
2023/02/03;1700 UTC;;;;;;;;;;;;;;;;;;
2023/02/03;1800 UTC;;;;;;;;;;;;;;;;;;
2023/02/03;1900 UTC;;;;;;;;;;;;;;;;;;
2023/02/03;2000 UTC;;;;;;;;;;;;;;;;;;
2023/02/03;2100 UTC;;;;;;;;;;;;;;;;;;
2023/02/03;2200 UTC;;;;;;;;;;;;;;;;;;
2023/02/03;2300 UTC;;;;;;;;;;;;;;;;;;
2023/02/04;0000 UTC;;;;;;;;;;;;;;;;;;
2023/02/04;0100 UTC;;;;;;;;;;;;;;;;;;
2023/02/04;0200 UTC;;;;;;;;;;;;;;;;;;
2023/02/04;0300 UTC;;;;;;;;;;;;;;;;;;
2023/02/04;0400 UTC;;;;;;;;;;;;;;;;;;
2023/02/04;0500 UTC;;;;;;;;;;;;;;;;;;
2023/02/04;0600 UTC;;;;;;;;;;;;;;;;;;
2023/02/04;0700 UTC;;;;;;;;;;;;;;;;;;
2023/02/04;0800 UTC;;;;;;;;;;;;;;;;;;
2023/02/04;0900 UTC;;;;;;;;;;;;;;;;;;
2023/02/04;1000 UTC;;;;;;;;;;;;;;;;;;
2023/02/04;1100 UTC;;;;;;;;;;;;;;;;;;
2023/02/04;1200 UTC;;;;;;;;;;;;;;;;;;
2023/02/04;1300 UTC;;;;;;;;;;;;;;;;;;
2023/02/04;1400 UTC;;;;;;;;;;;;;;;;;;
2023/02/04;1500 UTC;;;;;;;;;;;;;;;;;;
2023/02/04;1600 UTC;;;;;;;;;;;;;;;;;;
2023/02/04;1700 UTC;;;;;;;;;;;;;;;;;;
2023/02/04;1800 UTC;;;;;;;;;;;;;;;;;;
2023/02/04;1900 UTC;;;;;;;;;;;;;;;;;;
2023/02/04;2000 UTC;;;;;;;;;;;;;;;;;;
2023/02/04;2100 UTC;;;;;;;;;;;;;;;;;;
2023/02/04;2200 UTC;;;;;;;;;;;;;;;;;;
2023/02/04;2300 UTC;;;;;;;;;;;;;;;;;;
2023/02/05;0000 UTC;;;;;;;;;;;;;;;;;;
2023/02/05;0100 UTC;;;;;;;;;;;;;;;;;;
2023/02/05;0200 UTC;;;;;;;;;;;;;;;;;;
2023/02/05;0300 UTC;;;;;;;;;;;;;;;;;;
2023/02/05;0400 UTC;;;;;;;;;;;;;;;;;;
2023/02/05;0500 UTC;;;;;;;;;;;;;;;;;;
2023/02/05;0600 UTC;;;;;;;;;;;;;;;;;;
2023/02/05;0700 UTC;;;;;;;;;;;;;;;;;;
2023/02/05;0800 UTC;;;;;;;;;;;;;;;;;;
2023/02/05;0900 UTC;;;;;;;;;;;;;;;;;;
2023/02/05;1000 UTC;;;;;;;;;;;;;;;;;;
2023/02/05;1100 UTC;;;;;;;;;;;;;;;;;;
2023/02/05;1200 UTC;;;;;;;;;;;;;;;;;;
2023/02/05;1300 UTC;;;;;;;;;;;;;;;;;;
2023/02/05;1400 UTC;;;;;;;;;;;;;;;;;;
2023/02/05;1500 UTC;;;;;;;;;;;;;;;;;;
2023/02/05;1600 UTC;;;;;;;;;;;;;;;;;;
2023/02/05;1700 UTC;;;;;;;;;;;;;;;;;;
2023/02/05;1800 UTC;;;;;;;;;;;;;;;;;;
2023/02/05;1900 UTC;;;;;;;;;;;;;;;;;;
2023/02/05;2000 UTC;;;;;;;;;;;;;;;;;;
2023/02/05;2100 UTC;;;;;;;;;;;;;;;;;;
2023/02/05;2200 UTC;;;;;;;;;;;;;;;;;;
2023/02/05;2300 UTC;;;;;;;;;;;;;;;;;;
2023/02/06;0000 UTC;;;;;;;;;;;;;;;;;;
2023/02/06;0100 UTC;;;;;;;;;;;;;;;;;;
2023/02/06;0200 UTC;;;;;;;;;;;;;;;;;;
2023/02/06;0300 UTC;;;;;;;;;;;;;;;;;;
2023/02/06;0400 UTC;;;;;;;;;;;;;;;;;;
2023/02/06;0500 UTC;;;;;;;;;;;;;;;;;;
2023/02/06;0600 UTC;;;;;;;;;;;;;;;;;;
2023/02/06;0700 UTC;;;;;;;;;;;;;;;;;;
2023/02/06;0800 UTC;;;;;;;;;;;;;;;;;;
2023/02/06;0900 UTC;;;;;;;;;;;;;;;;;;
2023/02/06;1000 UTC;;;;;;;;;;;;;;;;;;
2023/02/06;1100 UTC;;;;;;;;;;;;;;;;;;
2023/02/06;1200 UTC;;;;;;;;;;;;;;;;;;
2023/02/06;1300 UTC;;;;;;;;;;;;;;;;;;
2023/02/06;1400 UTC;;;;;;;;;;;;;;;;;;
2023/02/06;1500 UTC;;;;;;;;;;;;;;;;;;
2023/02/06;1600 UTC;;;;;;;;;;;;;;;;;;
2023/02/06;1700 UTC;;;;;;;;;;;;;;;;;;
2023/02/06;1800 UTC;;;;;;;;;;;;;;;;;;
2023/02/06;1900 UTC;;;;;;;;;;;;;;;;;;
2023/02/06;2000 UTC;;;;;;;;;;;;;;;;;;
2023/02/06;2100 UTC;;;;;;;;;;;;;;;;;;
2023/02/06;2200 UTC;;;;;;;;;;;;;;;;;;
2023/02/06;2300 UTC;;;;;;;;;;;;;;;;;;
2023/02/07;0000 UTC;;;;;;;;;;;;;;;;;;
2023/02/07;0100 UTC;;;;;;;;;;;;;;;;;;
2023/02/07;0200 UTC;;;;;;;;;;;;;;;;;;
2023/02/07;0300 UTC;;;;;;;;;;;;;;;;;;
2023/02/07;0400 UTC;;;;;;;;;;;;;;;;;;
2023/02/07;0500 UTC;;;;;;;;;;;;;;;;;;
2023/02/07;0600 UTC;;;;;;;;;;;;;;;;;;
2023/02/07;0700 UTC;;;;;;;;;;;;;;;;;;
2023/02/07;0800 UTC;;;;;;;;;;;;;;;;;;
2023/02/07;0900 UTC;;;;;;;;;;;;;;;;;;
2023/02/07;1000 UTC;;;;;;;;;;;;;;;;;;
2023/02/07;1100 UTC;;;;;;;;;;;;;;;;;;
2023/02/07;1200 UTC;;;;;;;;;;;;;;;;;;
2023/02/07;1300 UTC;;;;;;;;;;;;;;;;;;
2023/02/07;1400 UTC;;;;;;;;;;;;;;;;;;
2023/02/07;1500 UTC;;;;;;;;;;;;;;;;;;
2023/02/07;1600 UTC;;;;;;;;;;;;;;;;;;
2023/02/07;1700 UTC;;;;;;;;;;;;;;;;;;
2023/02/07;1800 UTC;;;;;;;;;;;;;;;;;;
2023/02/07;1900 UTC;;;;;;;;;;;;;;;;;;
2023/02/07;2000 UTC;;;;;;;;;;;;;;;;;;
2023/02/07;2100 UTC;;;;;;;;;;;;;;;;;;
2023/02/07;2200 UTC;;;;;;;;;;;;;;;;;;
2023/02/07;2300 UTC;;;;;;;;;;;;;;;;;;
2023/02/08;0000 UTC;;;;;;;;;;;;;;;;;;
2023/02/08;0100 UTC;;;;;;;;;;;;;;;;;;
2023/02/08;0200 UTC;;;;;;;;;;;;;;;;;;
2023/02/08;0300 UTC;;;;;;;;;;;;;;;;;;
2023/02/08;0400 UTC;;;;;;;;;;;;;;;;;;
2023/02/08;0500 UTC;;;;;;;;;;;;;;;;;;
2023/02/08;0600 UTC;;;;;;;;;;;;;;;;;;
2023/02/08;0700 UTC;;;;;;;;;;;;;;;;;;
2023/02/08;0800 UTC;;;;;;;;;;;;;;;;;;
2023/02/08;0900 UTC;;;;;;;;;;;;;;;;;;
2023/02/08;1000 UTC;;;;;;;;;;;;;;;;;;
2023/02/08;1100 UTC;;;;;;;;;;;;;;;;;;
2023/02/08;1200 UTC;;;;;;;;;;;;;;;;;;
2023/02/08;1300 UTC;;;;;;;;;;;;;;;;;;
2023/02/08;1400 UTC;;;;;;;;;;;;;;;;;;
2023/02/08;1500 UTC;;;;;;;;;;;;;;;;;;
2023/02/08;1600 UTC;;;;;;;;;;;;;;;;;;
2023/02/08;1700 UTC;;;;;;;;;;;;;;;;;;
2023/02/08;1800 UTC;;;;;;;;;;;;;;;;;;
2023/02/08;1900 UTC;;;;;;;;;;;;;;;;;;
2023/02/08;2000 UTC;;;;;;;;;;;;;;;;;;
2023/02/08;2100 UTC;;;;;;;;;;;;;;;;;;
2023/02/08;2200 UTC;;;;;;;;;;;;;;;;;;
2023/02/08;2300 UTC;;;;;;;;;;;;;;;;;;
2023/02/09;0000 UTC;;;;;;;;;;;;;;;;;;
2023/02/09;0100 UTC;;;;;;;;;;;;;;;;;;
2023/02/09;0200 UTC;;;;;;;;;;;;;;;;;;
2023/02/09;0300 UTC;;;;;;;;;;;;;;;;;;
2023/02/09;0400 UTC;;;;;;;;;;;;;;;;;;
2023/02/09;0500 UTC;;;;;;;;;;;;;;;;;;
2023/02/09;0600 UTC;;;;;;;;;;;;;;;;;;
2023/02/09;0700 UTC;;;;;;;;;;;;;;;;;;
2023/02/09;0800 UTC;;;;;;;;;;;;;;;;;;
2023/02/09;0900 UTC;;;;;;;;;;;;;;;;;;
2023/02/09;1000 UTC;;;;;;;;;;;;;;;;;;
2023/02/09;1100 UTC;;;;;;;;;;;;;;;;;;
2023/02/09;1200 UTC;;;;;;;;;;;;;;;;;;
2023/02/09;1300 UTC;;;;;;;;;;;;;;;;;;
2023/02/09;1400 UTC;;;;;;;;;;;;;;;;;;
2023/02/09;1500 UTC;;;;;;;;;;;;;;;;;;
2023/02/09;1600 UTC;;;;;;;;;;;;;;;;;;
2023/02/09;1700 UTC;;;;;;;;;;;;;;;;;;
2023/02/09;1800 UTC;;;;;;;;;;;;;;;;;;
2023/02/09;1900 UTC;;;;;;;;;;;;;;;;;;
2023/02/09;2000 UTC;;;;;;;;;;;;;;;;;;
2023/02/09;2100 UTC;;;;;;;;;;;;;;;;;;
2023/02/09;2200 UTC;;;;;;;;;;;;;;;;;;
2023/02/09;2300 UTC;;;;;;;;;;;;;;;;;;
2023/02/10;0000 UTC;;;;;;;;;;;;;;;;;;
2023/02/10;0100 UTC;;;;;;;;;;;;;;;;;;
2023/02/10;0200 UTC;;;;;;;;;;;;;;;;;;
2023/02/10;0300 UTC;;;;;;;;;;;;;;;;;;
2023/02/10;0400 UTC;;;;;;;;;;;;;;;;;;
2023/02/10;0500 UTC;;;;;;;;;;;;;;;;;;
2023/02/10;0600 UTC;;;;;;;;;;;;;;;;;;
2023/02/10;0700 UTC;;;;;;;;;;;;;;;;;;
2023/02/10;0800 UTC;;;;;;;;;;;;;;;;;;
2023/02/10;0900 UTC;;;;;;;;;;;;;;;;;;
2023/02/10;1000 UTC;;;;;;;;;;;;;;;;;;
2023/02/10;1100 UTC;;;;;;;;;;;;;;;;;;
2023/02/10;1200 UTC;;;;;;;;;;;;;;;;;;
2023/02/10;1300 UTC;;;;;;;;;;;;;;;;;;
2023/02/10;1400 UTC;;;;;;;;;;;;;;;;;;
2023/02/10;1500 UTC;;;;;;;;;;;;;;;;;;
2023/02/10;1600 UTC;;;;;;;;;;;;;;;;;;
2023/02/10;1700 UTC;;;;;;;;;;;;;;;;;;
2023/02/10;1800 UTC;;;;;;;;;;;;;;;;;;
2023/02/10;1900 UTC;;;;;;;;;;;;;;;;;;
2023/02/10;2000 UTC;;;;;;;;;;;;;;;;;;
2023/02/10;2100 UTC;;;;;;;;;;;;;;;;;;
2023/02/10;2200 UTC;;;;;;;;;;;;;;;;;;
2023/02/10;2300 UTC;;;;;;;;;;;;;;;;;;
2023/02/11;0000 UTC;;;;;;;;;;;;;;;;;;
2023/02/11;0100 UTC;;;;;;;;;;;;;;;;;;
2023/02/11;0200 UTC;;;;;;;;;;;;;;;;;;
2023/02/11;0300 UTC;;;;;;;;;;;;;;;;;;
2023/02/11;0400 UTC;;;;;;;;;;;;;;;;;;
2023/02/11;0500 UTC;;;;;;;;;;;;;;;;;;
2023/02/11;0600 UTC;;;;;;;;;;;;;;;;;;
2023/02/11;0700 UTC;;;;;;;;;;;;;;;;;;
2023/02/11;0800 UTC;;;;;;;;;;;;;;;;;;
2023/02/11;0900 UTC;;;;;;;;;;;;;;;;;;
2023/02/11;1000 UTC;;;;;;;;;;;;;;;;;;
2023/02/11;1100 UTC;;;;;;;;;;;;;;;;;;
2023/02/11;1200 UTC;;;;;;;;;;;;;;;;;;
2023/02/11;1300 UTC;;;;;;;;;;;;;;;;;;
2023/02/11;1400 UTC;;;;;;;;;;;;;;;;;;
2023/02/11;1500 UTC;;;;;;;;;;;;;;;;;;
2023/02/11;1600 UTC;;;;;;;;;;;;;;;;;;
2023/02/11;1700 UTC;;;;;;;;;;;;;;;;;;
2023/02/11;1800 UTC;;;;;;;;;;;;;;;;;;
2023/02/11;1900 UTC;;;;;;;;;;;;;;;;;;
2023/02/11;2000 UTC;;;;;;;;;;;;;;;;;;
2023/02/11;2100 UTC;;;;;;;;;;;;;;;;;;
2023/02/11;2200 UTC;;;;;;;;;;;;;;;;;;
2023/02/11;2300 UTC;;;;;;;;;;;;;;;;;;
2023/02/12;0000 UTC;;;;;;;;;;;;;;;;;;
2023/02/12;0100 UTC;;;;;;;;;;;;;;;;;;
2023/02/12;0200 UTC;;;;;;;;;;;;;;;;;;
2023/02/12;0300 UTC;;;;;;;;;;;;;;;;;;
2023/02/12;0400 UTC;;;;;;;;;;;;;;;;;;
2023/02/12;0500 UTC;;;;;;;;;;;;;;;;;;
2023/02/12;0600 UTC;;;;;;;;;;;;;;;;;;
2023/02/12;0700 UTC;;;;;;;;;;;;;;;;;;
2023/02/12;0800 UTC;;;;;;;;;;;;;;;;;;
2023/02/12;0900 UTC;;;;;;;;;;;;;;;;;;
2023/02/12;1000 UTC;;;;;;;;;;;;;;;;;;
2023/02/12;1100 UTC;;;;;;;;;;;;;;;;;;
2023/02/12;1200 UTC;;;;;;;;;;;;;;;;;;
2023/02/12;1300 UTC;;;;;;;;;;;;;;;;;;
2023/02/12;1400 UTC;;;;;;;;;;;;;;;;;;
2023/02/12;1500 UTC;;;;;;;;;;;;;;;;;;
2023/02/12;1600 UTC;;;;;;;;;;;;;;;;;;
2023/02/12;1700 UTC;;;;;;;;;;;;;;;;;;
2023/02/12;1800 UTC;;;;;;;;;;;;;;;;;;
2023/02/12;1900 UTC;;;;;;;;;;;;;;;;;;
2023/02/12;2000 UTC;;;;;;;;;;;;;;;;;;
2023/02/12;2100 UTC;;;;;;;;;;;;;;;;;;
2023/02/12;2200 UTC;;;;;;;;;;;;;;;;;;
2023/02/12;2300 UTC;;;;;;;;;;;;;;;;;;
2023/02/13;0000 UTC;;;;;;;;;;;;;;;;;;
2023/02/13;0100 UTC;;;;;;;;;;;;;;;;;;
2023/02/13;0200 UTC;;;;;;;;;;;;;;;;;;
2023/02/13;0300 UTC;;;;;;;;;;;;;;;;;;
2023/02/13;0400 UTC;;;;;;;;;;;;;;;;;;
2023/02/13;0500 UTC;;;;;;;;;;;;;;;;;;
2023/02/13;0600 UTC;;;;;;;;;;;;;;;;;;
2023/02/13;0700 UTC;;;;;;;;;;;;;;;;;;
2023/02/13;0800 UTC;;;;;;;;;;;;;;;;;;
2023/02/13;0900 UTC;;;;;;;;;;;;;;;;;;
2023/02/13;1000 UTC;;;;;;;;;;;;;;;;;;
2023/02/13;1100 UTC;;;;;;;;;;;;;;;;;;
2023/02/13;1200 UTC;;;;;;;;;;;;;;;;;;
2023/02/13;1300 UTC;;;;;;;;;;;;;;;;;;
2023/02/13;1400 UTC;;;;;;;;;;;;;;;;;;
2023/02/13;1500 UTC;;;;;;;;;;;;;;;;;;
2023/02/13;1600 UTC;;;;;;;;;;;;;;;;;;
2023/02/13;1700 UTC;;;;;;;;;;;;;;;;;;
2023/02/13;1800 UTC;;;;;;;;;;;;;;;;;;
2023/02/13;1900 UTC;;;;;;;;;;;;;;;;;;
2023/02/13;2000 UTC;;;;;;;;;;;;;;;;;;
2023/02/13;2100 UTC;;;;;;;;;;;;;;;;;;
2023/02/13;2200 UTC;;;;;;;;;;;;;;;;;;
2023/02/13;2300 UTC;;;;;;;;;;;;;;;;;;
2023/02/14;0000 UTC;;;;;;;;;;;;;;;;;;
2023/02/14;0100 UTC;;;;;;;;;;;;;;;;;;
2023/02/14;0200 UTC;;;;;;;;;;;;;;;;;;
2023/02/14;0300 UTC;;;;;;;;;;;;;;;;;;
2023/02/14;0400 UTC;;;;;;;;;;;;;;;;;;
2023/02/14;0500 UTC;;;;;;;;;;;;;;;;;;
2023/02/14;0600 UTC;;;;;;;;;;;;;;;;;;
2023/02/14;0700 UTC;;;;;;;;;;;;;;;;;;
2023/02/14;0800 UTC;;;;;;;;;;;;;;;;;;
2023/02/14;0900 UTC;;;;;;;;;;;;;;;;;;
2023/02/14;1000 UTC;;;;;;;;;;;;;;;;;;
2023/02/14;1100 UTC;;;;;;;;;;;;;;;;;;
2023/02/14;1200 UTC;;;;;;;;;;;;;;;;;;
2023/02/14;1300 UTC;;;;;;;;;;;;;;;;;;
2023/02/14;1400 UTC;;;;;;;;;;;;;;;;;;
2023/02/14;1500 UTC;;;;;;;;;;;;;;;;;;
2023/02/14;1600 UTC;;;;;;;;;;;;;;;;;;
2023/02/14;1700 UTC;;;;;;;;;;;;;;;;;;
2023/02/14;1800 UTC;;;;;;;;;;;;;;;;;;
2023/02/14;1900 UTC;;;;;;;;;;;;;;;;;;
2023/02/14;2000 UTC;;;;;;;;;;;;;;;;;;
2023/02/14;2100 UTC;;;;;;;;;;;;;;;;;;
2023/02/14;2200 UTC;;;;;;;;;;;;;;;;;;
2023/02/14;2300 UTC;;;;;;;;;;;;;;;;;;
2023/02/15;0000 UTC;;;;;;;;;;;;;;;;;;
2023/02/15;0100 UTC;;;;;;;;;;;;;;;;;;
2023/02/15;0200 UTC;;;;;;;;;;;;;;;;;;
2023/02/15;0300 UTC;;;;;;;;;;;;;;;;;;
2023/02/15;0400 UTC;;;;;;;;;;;;;;;;;;
2023/02/15;0500 UTC;;;;;;;;;;;;;;;;;;
2023/02/15;0600 UTC;;;;;;;;;;;;;;;;;;
2023/02/15;0700 UTC;;;;;;;;;;;;;;;;;;
2023/02/15;0800 UTC;;;;;;;;;;;;;;;;;;
2023/02/15;0900 UTC;;;;;;;;;;;;;;;;;;
2023/02/15;1000 UTC;;;;;;;;;;;;;;;;;;
2023/02/15;1100 UTC;;;;;;;;;;;;;;;;;;
2023/02/15;1200 UTC;;;;;;;;;;;;;;;;;;
2023/02/15;1300 UTC;;;;;;;;;;;;;;;;;;
2023/02/15;1400 UTC;;;;;;;;;;;;;;;;;;
2023/02/15;1500 UTC;;;;;;;;;;;;;;;;;;
2023/02/15;1600 UTC;;;;;;;;;;;;;;;;;;
2023/02/15;1700 UTC;;;;;;;;;;;;;;;;;;
2023/02/15;1800 UTC;;;;;;;;;;;;;;;;;;
2023/02/15;1900 UTC;;;;;;;;;;;;;;;;;;
2023/02/15;2000 UTC;;;;;;;;;;;;;;;;;;
2023/02/15;2100 UTC;;;;;;;;;;;;;;;;;;
2023/02/15;2200 UTC;;;;;;;;;;;;;;;;;;
2023/02/15;2300 UTC;;;;;;;;;;;;;;;;;;
2023/02/16;0000 UTC;;;;;;;;;;;;;;;;;;
2023/02/16;0100 UTC;;;;;;;;;;;;;;;;;;
2023/02/16;0200 UTC;;;;;;;;;;;;;;;;;;
2023/02/16;0300 UTC;;;;;;;;;;;;;;;;;;
2023/02/16;0400 UTC;;;;;;;;;;;;;;;;;;
2023/02/16;0500 UTC;;;;;;;;;;;;;;;;;;
2023/02/16;0600 UTC;;;;;;;;;;;;;;;;;;
2023/02/16;0700 UTC;;;;;;;;;;;;;;;;;;
2023/02/16;0800 UTC;;;;;;;;;;;;;;;;;;
2023/02/16;0900 UTC;;;;;;;;;;;;;;;;;;
2023/02/16;1000 UTC;;;;;;;;;;;;;;;;;;
2023/02/16;1100 UTC;;;;;;;;;;;;;;;;;;
2023/02/16;1200 UTC;;;;;;;;;;;;;;;;;;
2023/02/16;1300 UTC;;;;;;;;;;;;;;;;;;
2023/02/16;1400 UTC;;;;;;;;;;;;;;;;;;
2023/02/16;1500 UTC;;;;;;;;;;;;;;;;;;
2023/02/16;1600 UTC;;;;;;;;;;;;;;;;;;
2023/02/16;1700 UTC;;;;;;;;;;;;;;;;;;
2023/02/16;1800 UTC;;;;;;;;;;;;;;;;;;
2023/02/16;1900 UTC;;;;;;;;;;;;;;;;;;
2023/02/16;2000 UTC;;;;;;;;;;;;;;;;;;
2023/02/16;2100 UTC;;;;;;;;;;;;;;;;;;
2023/02/16;2200 UTC;;;;;;;;;;;;;;;;;;
2023/02/16;2300 UTC;;;;;;;;;;;;;;;;;;
2023/02/17;0000 UTC;;;;;;;;;;;;;;;;;;
2023/02/17;0100 UTC;;;;;;;;;;;;;;;;;;
2023/02/17;0200 UTC;;;;;;;;;;;;;;;;;;
2023/02/17;0300 UTC;;;;;;;;;;;;;;;;;;
2023/02/17;0400 UTC;;;;;;;;;;;;;;;;;;
2023/02/17;0500 UTC;;;;;;;;;;;;;;;;;;
2023/02/17;0600 UTC;;;;;;;;;;;;;;;;;;
2023/02/17;0700 UTC;;;;;;;;;;;;;;;;;;
2023/02/17;0800 UTC;;;;;;;;;;;;;;;;;;
2023/02/17;0900 UTC;;;;;;;;;;;;;;;;;;
2023/02/17;1000 UTC;;;;;;;;;;;;;;;;;;
2023/02/17;1100 UTC;;;;;;;;;;;;;;;;;;
2023/02/17;1200 UTC;;;;;;;;;;;;;;;;;;
2023/02/17;1300 UTC;;;;;;;;;;;;;;;;;;
2023/02/17;1400 UTC;;;;;;;;;;;;;;;;;;
2023/02/17;1500 UTC;;;;;;;;;;;;;;;;;;
2023/02/17;1600 UTC;;;;;;;;;;;;;;;;;;
2023/02/17;1700 UTC;;;;;;;;;;;;;;;;;;
2023/02/17;1800 UTC;;;;;;;;;;;;;;;;;;
2023/02/17;1900 UTC;;;;;;;;;;;;;;;;;;
2023/02/17;2000 UTC;;;;;;;;;;;;;;;;;;
2023/02/17;2100 UTC;;;;;;;;;;;;;;;;;;
2023/02/17;2200 UTC;;;;;;;;;;;;;;;;;;
2023/02/17;2300 UTC;;;;;;;;;;;;;;;;;;
2023/02/18;0000 UTC;;;;;;;;;;;;;;;;;;
2023/02/18;0100 UTC;;;;;;;;;;;;;;;;;;
2023/02/18;0200 UTC;;;;;;;;;;;;;;;;;;
2023/02/18;0300 UTC;;;;;;;;;;;;;;;;;;
2023/02/18;0400 UTC;;;;;;;;;;;;;;;;;;
2023/02/18;0500 UTC;;;;;;;;;;;;;;;;;;
2023/02/18;0600 UTC;;;;;;;;;;;;;;;;;;
2023/02/18;0700 UTC;;;;;;;;;;;;;;;;;;
2023/02/18;0800 UTC;;;;;;;;;;;;;;;;;;
2023/02/18;0900 UTC;;;;;;;;;;;;;;;;;;
2023/02/18;1000 UTC;;;;;;;;;;;;;;;;;;
2023/02/18;1100 UTC;;;;;;;;;;;;;;;;;;
2023/02/18;1200 UTC;;;;;;;;;;;;;;;;;;
2023/02/18;1300 UTC;;;;;;;;;;;;;;;;;;
2023/02/18;1400 UTC;;;;;;;;;;;;;;;;;;
2023/02/18;1500 UTC;;;;;;;;;;;;;;;;;;
2023/02/18;1600 UTC;;;;;;;;;;;;;;;;;;
2023/02/18;1700 UTC;;;;;;;;;;;;;;;;;;
2023/02/18;1800 UTC;;;;;;;;;;;;;;;;;;
2023/02/18;1900 UTC;;;;;;;;;;;;;;;;;;
2023/02/18;2000 UTC;;;;;;;;;;;;;;;;;;
2023/02/18;2100 UTC;;;;;;;;;;;;;;;;;;
2023/02/18;2200 UTC;;;;;;;;;;;;;;;;;;
2023/02/18;2300 UTC;;;;;;;;;;;;;;;;;;
2023/02/19;0000 UTC;;;;;;;;;;;;;;;;;;
2023/02/19;0100 UTC;;;;;;;;;;;;;;;;;;
2023/02/19;0200 UTC;;;;;;;;;;;;;;;;;;
2023/02/19;0300 UTC;;;;;;;;;;;;;;;;;;
2023/02/19;0400 UTC;;;;;;;;;;;;;;;;;;
2023/02/19;0500 UTC;;;;;;;;;;;;;;;;;;
2023/02/19;0600 UTC;;;;;;;;;;;;;;;;;;
2023/02/19;0700 UTC;;;;;;;;;;;;;;;;;;
2023/02/19;0800 UTC;;;;;;;;;;;;;;;;;;
2023/02/19;0900 UTC;;;;;;;;;;;;;;;;;;
2023/02/19;1000 UTC;;;;;;;;;;;;;;;;;;
2023/02/19;1100 UTC;;;;;;;;;;;;;;;;;;
2023/02/19;1200 UTC;;;;;;;;;;;;;;;;;;
2023/02/19;1300 UTC;;;;;;;;;;;;;;;;;;
2023/02/19;1400 UTC;;;;;;;;;;;;;;;;;;
2023/02/19;1500 UTC;;;;;;;;;;;;;;;;;;
2023/02/19;1600 UTC;;;;;;;;;;;;;;;;;;
2023/02/19;1700 UTC;;;;;;;;;;;;;;;;;;
2023/02/19;1800 UTC;;;;;;;;;;;;;;;;;;
2023/02/19;1900 UTC;;;;;;;;;;;;;;;;;;
2023/02/19;2000 UTC;;;;;;;;;;;;;;;;;;
2023/02/19;2100 UTC;;;;;;;;;;;;;;;;;;
2023/02/19;2200 UTC;;;;;;;;;;;;;;;;;;
2023/02/19;2300 UTC;;;;;;;;;;;;;;;;;;
2023/02/20;0000 UTC;;;;;;;;;;;;;;;;;;
2023/02/20;0100 UTC;;;;;;;;;;;;;;;;;;
2023/02/20;0200 UTC;;;;;;;;;;;;;;;;;;
2023/02/20;0300 UTC;;;;;;;;;;;;;;;;;;
2023/02/20;0400 UTC;;;;;;;;;;;;;;;;;;
2023/02/20;0500 UTC;;;;;;;;;;;;;;;;;;
2023/02/20;0600 UTC;;;;;;;;;;;;;;;;;;
2023/02/20;0700 UTC;;;;;;;;;;;;;;;;;;
2023/02/20;0800 UTC;;;;;;;;;;;;;;;;;;
2023/02/20;0900 UTC;;;;;;;;;;;;;;;;;;
2023/02/20;1000 UTC;;;;;;;;;;;;;;;;;;
2023/02/20;1100 UTC;;;;;;;;;;;;;;;;;;
2023/02/20;1200 UTC;;;;;;;;;;;;;;;;;;
2023/02/20;1300 UTC;;;;;;;;;;;;;;;;;;
2023/02/20;1400 UTC;;;;;;;;;;;;;;;;;;
2023/02/20;1500 UTC;;;;;;;;;;;;;;;;;;
2023/02/20;1600 UTC;;;;;;;;;;;;;;;;;;
2023/02/20;1700 UTC;;;;;;;;;;;;;;;;;;
2023/02/20;1800 UTC;;;;;;;;;;;;;;;;;;
2023/02/20;1900 UTC;;;;;;;;;;;;;;;;;;
2023/02/20;2000 UTC;;;;;;;;;;;;;;;;;;
2023/02/20;2100 UTC;;;;;;;;;;;;;;;;;;
2023/02/20;2200 UTC;;;;;;;;;;;;;;;;;;
2023/02/20;2300 UTC;;;;;;;;;;;;;;;;;;
2023/02/21;0000 UTC;;;;;;;;;;;;;;;;;;
2023/02/21;0100 UTC;;;;;;;;;;;;;;;;;;
2023/02/21;0200 UTC;;;;;;;;;;;;;;;;;;
2023/02/21;0300 UTC;;;;;;;;;;;;;;;;;;
2023/02/21;0400 UTC;;;;;;;;;;;;;;;;;;
2023/02/21;0500 UTC;;;;;;;;;;;;;;;;;;
2023/02/21;0600 UTC;;;;;;;;;;;;;;;;;;
2023/02/21;0700 UTC;;;;;;;;;;;;;;;;;;
2023/02/21;0800 UTC;;;;;;;;;;;;;;;;;;
2023/02/21;0900 UTC;;;;;;;;;;;;;;;;;;
2023/02/21;1000 UTC;;;;;;;;;;;;;;;;;;
2023/02/21;1100 UTC;;;;;;;;;;;;;;;;;;
2023/02/21;1200 UTC;;;;;;;;;;;;;;;;;;
2023/02/21;1300 UTC;;;;;;;;;;;;;;;;;;
2023/02/21;1400 UTC;;;;;;;;;;;;;;;;;;
2023/02/21;1500 UTC;;;;;;;;;;;;;;;;;;
2023/02/21;1600 UTC;;;;;;;;;;;;;;;;;;
2023/02/21;1700 UTC;;;;;;;;;;;;;;;;;;
2023/02/21;1800 UTC;;;;;;;;;;;;;;;;;;
2023/02/21;1900 UTC;;;;;;;;;;;;;;;;;;
2023/02/21;2000 UTC;;;;;;;;;;;;;;;;;;
2023/02/21;2100 UTC;;;;;;;;;;;;;;;;;;
2023/02/21;2200 UTC;;;;;;;;;;;;;;;;;;
2023/02/21;2300 UTC;;;;;;;;;;;;;;;;;;
2023/02/22;0000 UTC;;;;;;;;;;;;;;;;;;
2023/02/22;0100 UTC;;;;;;;;;;;;;;;;;;
2023/02/22;0200 UTC;;;;;;;;;;;;;;;;;;
2023/02/22;0300 UTC;;;;;;;;;;;;;;;;;;
2023/02/22;0400 UTC;;;;;;;;;;;;;;;;;;
2023/02/22;0500 UTC;;;;;;;;;;;;;;;;;;
2023/02/22;0600 UTC;;;;;;;;;;;;;;;;;;
2023/02/22;0700 UTC;;;;;;;;;;;;;;;;;;
2023/02/22;0800 UTC;;;;;;;;;;;;;;;;;;
2023/02/22;0900 UTC;;;;;;;;;;;;;;;;;;
2023/02/22;1000 UTC;;;;;;;;;;;;;;;;;;
2023/02/22;1100 UTC;;;;;;;;;;;;;;;;;;
2023/02/22;1200 UTC;;;;;;;;;;;;;;;;;;
2023/02/22;1300 UTC;;;;;;;;;;;;;;;;;;
2023/02/22;1400 UTC;;;;;;;;;;;;;;;;;;
2023/02/22;1500 UTC;;;;;;;;;;;;;;;;;;
2023/02/22;1600 UTC;;;;;;;;;;;;;;;;;;
2023/02/22;1700 UTC;;;;;;;;;;;;;;;;;;
2023/02/22;1800 UTC;;;;;;;;;;;;;;;;;;
2023/02/22;1900 UTC;;;;;;;;;;;;;;;;;;
2023/02/22;2000 UTC;;;;;;;;;;;;;;;;;;
2023/02/22;2100 UTC;;;;;;;;;;;;;;;;;;
2023/02/22;2200 UTC;;;;;;;;;;;;;;;;;;
2023/02/22;2300 UTC;;;;;;;;;;;;;;;;;;
2023/02/23;0000 UTC;;;;;;;;;;;;;;;;;;
2023/02/23;0100 UTC;;;;;;;;;;;;;;;;;;
2023/02/23;0200 UTC;;;;;;;;;;;;;;;;;;
2023/02/23;0300 UTC;;;;;;;;;;;;;;;;;;
2023/02/23;0400 UTC;;;;;;;;;;;;;;;;;;
2023/02/23;0500 UTC;;;;;;;;;;;;;;;;;;
2023/02/23;0600 UTC;;;;;;;;;;;;;;;;;;
2023/02/23;0700 UTC;;;;;;;;;;;;;;;;;;
2023/02/23;0800 UTC;;;;;;;;;;;;;;;;;;
2023/02/23;0900 UTC;;;;;;;;;;;;;;;;;;
2023/02/23;1000 UTC;;;;;;;;;;;;;;;;;;
2023/02/23;1100 UTC;;;;;;;;;;;;;;;;;;
2023/02/23;1200 UTC;;;;;;;;;;;;;;;;;;
2023/02/23;1300 UTC;;;;;;;;;;;;;;;;;;
2023/02/23;1400 UTC;;;;;;;;;;;;;;;;;;
2023/02/23;1500 UTC;;;;;;;;;;;;;;;;;;
2023/02/23;1600 UTC;;;;;;;;;;;;;;;;;;
2023/02/23;1700 UTC;;;;;;;;;;;;;;;;;;
2023/02/23;1800 UTC;;;;;;;;;;;;;;;;;;
2023/02/23;1900 UTC;;;;;;;;;;;;;;;;;;
2023/02/23;2000 UTC;;;;;;;;;;;;;;;;;;
2023/02/23;2100 UTC;;;;;;;;;;;;;;;;;;
2023/02/23;2200 UTC;;;;;;;;;;;;;;;;;;
2023/02/23;2300 UTC;;;;;;;;;;;;;;;;;;
2023/02/24;0000 UTC;;;;;;;;;;;;;;;;;;
2023/02/24;0100 UTC;;;;;;;;;;;;;;;;;;
2023/02/24;0200 UTC;;;;;;;;;;;;;;;;;;
2023/02/24;0300 UTC;;;;;;;;;;;;;;;;;;
2023/02/24;0400 UTC;;;;;;;;;;;;;;;;;;
2023/02/24;0500 UTC;;;;;;;;;;;;;;;;;;
2023/02/24;0600 UTC;;;;;;;;;;;;;;;;;;
2023/02/24;0700 UTC;;;;;;;;;;;;;;;;;;
2023/02/24;0800 UTC;;;;;;;;;;;;;;;;;;
2023/02/24;0900 UTC;;;;;;;;;;;;;;;;;;
2023/02/24;1000 UTC;;;;;;;;;;;;;;;;;;
2023/02/24;1100 UTC;;;;;;;;;;;;;;;;;;
2023/02/24;1200 UTC;;;;;;;;;;;;;;;;;;
2023/02/24;1300 UTC;;;;;;;;;;;;;;;;;;
2023/02/24;1400 UTC;;;;;;;;;;;;;;;;;;
2023/02/24;1500 UTC;;;;;;;;;;;;;;;;;;
2023/02/24;1600 UTC;;;;;;;;;;;;;;;;;;
2023/02/24;1700 UTC;;;;;;;;;;;;;;;;;;
2023/02/24;1800 UTC;;;;;;;;;;;;;;;;;;
2023/02/24;1900 UTC;;;;;;;;;;;;;;;;;;
2023/02/24;2000 UTC;;;;;;;;;;;;;;;;;;
2023/02/24;2100 UTC;;;;;;;;;;;;;;;;;;
2023/02/24;2200 UTC;;;;;;;;;;;;;;;;;;
2023/02/24;2300 UTC;;;;;;;;;;;;;;;;;;
2023/02/25;0000 UTC;;;;;;;;;;;;;;;;;;
2023/02/25;0100 UTC;;;;;;;;;;;;;;;;;;
2023/02/25;0200 UTC;;;;;;;;;;;;;;;;;;
2023/02/25;0300 UTC;;;;;;;;;;;;;;;;;;
2023/02/25;0400 UTC;;;;;;;;;;;;;;;;;;
2023/02/25;0500 UTC;;;;;;;;;;;;;;;;;;
2023/02/25;0600 UTC;;;;;;;;;;;;;;;;;;
2023/02/25;0700 UTC;;;;;;;;;;;;;;;;;;
2023/02/25;0800 UTC;;;;;;;;;;;;;;;;;;
2023/02/25;0900 UTC;;;;;;;;;;;;;;;;;;
2023/02/25;1000 UTC;;;;;;;;;;;;;;;;;;
2023/02/25;1100 UTC;;;;;;;;;;;;;;;;;;
2023/02/25;1200 UTC;;;;;;;;;;;;;;;;;;
2023/02/25;1300 UTC;;;;;;;;;;;;;;;;;;
2023/02/25;1400 UTC;;;;;;;;;;;;;;;;;;
2023/02/25;1500 UTC;;;;;;;;;;;;;;;;;;
2023/02/25;1600 UTC;;;;;;;;;;;;;;;;;;
2023/02/25;1700 UTC;;;;;;;;;;;;;;;;;;
2023/02/25;1800 UTC;;;;;;;;;;;;;;;;;;
2023/02/25;1900 UTC;;;;;;;;;;;;;;;;;;
2023/02/25;2000 UTC;;;;;;;;;;;;;;;;;;
2023/02/25;2100 UTC;;;;;;;;;;;;;;;;;;
2023/02/25;2200 UTC;;;;;;;;;;;;;;;;;;
2023/02/25;2300 UTC;;;;;;;;;;;;;;;;;;
2023/02/26;0000 UTC;;;;;;;;;;;;;;;;;;
2023/02/26;0100 UTC;;;;;;;;;;;;;;;;;;
2023/02/26;0200 UTC;;;;;;;;;;;;;;;;;;
2023/02/26;0300 UTC;;;;;;;;;;;;;;;;;;
2023/02/26;0400 UTC;;;;;;;;;;;;;;;;;;
2023/02/26;0500 UTC;;;;;;;;;;;;;;;;;;
2023/02/26;0600 UTC;;;;;;;;;;;;;;;;;;
2023/02/26;0700 UTC;;;;;;;;;;;;;;;;;;
2023/02/26;0800 UTC;;;;;;;;;;;;;;;;;;
2023/02/26;0900 UTC;;;;;;;;;;;;;;;;;;
2023/02/26;1000 UTC;;;;;;;;;;;;;;;;;;
2023/02/26;1100 UTC;;;;;;;;;;;;;;;;;;
2023/02/26;1200 UTC;;;;;;;;;;;;;;;;;;
2023/02/26;1300 UTC;;;;;;;;;;;;;;;;;;
2023/02/26;1400 UTC;;;;;;;;;;;;;;;;;;
2023/02/26;1500 UTC;;;;;;;;;;;;;;;;;;
2023/02/26;1600 UTC;;;;;;;;;;;;;;;;;;
2023/02/26;1700 UTC;;;;;;;;;;;;;;;;;;
2023/02/26;1800 UTC;;;;;;;;;;;;;;;;;;
2023/02/26;1900 UTC;;;;;;;;;;;;;;;;;;
2023/02/26;2000 UTC;;;;;;;;;;;;;;;;;;
2023/02/26;2100 UTC;;;;;;;;;;;;;;;;;;
2023/02/26;2200 UTC;;;;;;;;;;;;;;;;;;
2023/02/26;2300 UTC;;;;;;;;;;;;;;;;;;
2023/02/27;0000 UTC;;;;;;;;;;;;;;;;;;
2023/02/27;0100 UTC;;;;;;;;;;;;;;;;;;
2023/02/27;0200 UTC;;;;;;;;;;;;;;;;;;
2023/02/27;0300 UTC;;;;;;;;;;;;;;;;;;
2023/02/27;0400 UTC;;;;;;;;;;;;;;;;;;
2023/02/27;0500 UTC;;;;;;;;;;;;;;;;;;
2023/02/27;0600 UTC;;;;;;;;;;;;;;;;;;
2023/02/27;0700 UTC;;;;;;;;;;;;;;;;;;
2023/02/27;0800 UTC;;;;;;;;;;;;;;;;;;
2023/02/27;0900 UTC;;;;;;;;;;;;;;;;;;
2023/02/27;1000 UTC;;;;;;;;;;;;;;;;;;
2023/02/27;1100 UTC;;;;;;;;;;;;;;;;;;
2023/02/27;1200 UTC;;;;;;;;;;;;;;;;;;
2023/02/27;1300 UTC;;;;;;;;;;;;;;;;;;
2023/02/27;1400 UTC;;;;;;;;;;;;;;;;;;
2023/02/27;1500 UTC;;;;;;;;;;;;;;;;;;
2023/02/27;1600 UTC;;;;;;;;;;;;;;;;;;
2023/02/27;1700 UTC;;;;;;;;;;;;;;;;;;
2023/02/27;1800 UTC;;;;;;;;;;;;;;;;;;
2023/02/27;1900 UTC;;;;;;;;;;;;;;;;;;
2023/02/27;2000 UTC;;;;;;;;;;;;;;;;;;
2023/02/27;2100 UTC;;;;;;;;;;;;;;;;;;
2023/02/27;2200 UTC;;;;;;;;;;;;;;;;;;
2023/02/27;2300 UTC;;;;;;;;;;;;;;;;;;
2023/02/28;0000 UTC;;;;;;;;;;;;;;;;;;
2023/02/28;0100 UTC;;;;;;;;;;;;;;;;;;
2023/02/28;0200 UTC;;;;;;;;;;;;;;;;;;
2023/02/28;0300 UTC;;;;;;;;;;;;;;;;;;
2023/02/28;0400 UTC;;;;;;;;;;;;;;;;;;
2023/02/28;0500 UTC;;;;;;;;;;;;;;;;;;
2023/02/28;0600 UTC;;;;;;;;;;;;;;;;;;
2023/02/28;0700 UTC;;;;;;;;;;;;;;;;;;
2023/02/28;0800 UTC;;;;;;;;;;;;;;;;;;
2023/02/28;0900 UTC;;;;;;;;;;;;;;;;;;
2023/02/28;1000 UTC;;;;;;;;;;;;;;;;;;
2023/02/28;1100 UTC;;;;;;;;;;;;;;;;;;
2023/02/28;1200 UTC;;;;;;;;;;;;;;;;;;
2023/02/28;1300 UTC;;;;;;;;;;;;;;;;;;
2023/02/28;1400 UTC;;;;;;;;;;;;;;;;;;
2023/02/28;1500 UTC;;;;;;;;;;;;;;;;;;
2023/02/28;1600 UTC;;;;;;;;;;;;;;;;;;
2023/02/28;1700 UTC;;;;;;;;;;;;;;;;;;
2023/02/28;1800 UTC;;;;;;;;;;;;;;;;;;
2023/02/28;1900 UTC;;;;;;;;;;;;;;;;;;
2023/02/28;2000 UTC;;;;;;;;;;;;;;;;;;
2023/02/28;2100 UTC;;;;;;;;;;;;;;;;;;
2023/02/28;2200 UTC;;;;;;;;;;;;;;;;;;
2023/02/28;2300 UTC;;;;;;;;;;;;;;;;;;
2023/03/01;0000 UTC;;;;;;;;;;;;;;;;;;
2023/03/01;0100 UTC;;;;;;;;;;;;;;;;;;
2023/03/01;0200 UTC;;;;;;;;;;;;;;;;;;
2023/03/01;0300 UTC;;;;;;;;;;;;;;;;;;
2023/03/01;0400 UTC;;;;;;;;;;;;;;;;;;
2023/03/01;0500 UTC;;;;;;;;;;;;;;;;;;
2023/03/01;0600 UTC;;;;;;;;;;;;;;;;;;
2023/03/01;0700 UTC;;;;;;;;;;;;;;;;;;
2023/03/01;0800 UTC;;;;;;;;;;;;;;;;;;
2023/03/01;0900 UTC;;;;;;;;;;;;;;;;;;
2023/03/01;1000 UTC;;;;;;;;;;;;;;;;;;
2023/03/01;1100 UTC;;;;;;;;;;;;;;;;;;
2023/03/01;1200 UTC;;;;;;;;;;;;;;;;;;
2023/03/01;1300 UTC;;;;;;;;;;;;;;;;;;
2023/03/01;1400 UTC;;;;;;;;;;;;;;;;;;
2023/03/01;1500 UTC;;;;;;;;;;;;;;;;;;
2023/03/01;1600 UTC;;;;;;;;;;;;;;;;;;
2023/03/01;1700 UTC;;;;;;;;;;;;;;;;;;
2023/03/01;1800 UTC;;;;;;;;;;;;;;;;;;
2023/03/01;1900 UTC;;;;;;;;;;;;;;;;;;
2023/03/01;2000 UTC;;;;;;;;;;;;;;;;;;
2023/03/01;2100 UTC;;;;;;;;;;;;;;;;;;
2023/03/01;2200 UTC;;;;;;;;;;;;;;;;;;
2023/03/01;2300 UTC;;;;;;;;;;;;;;;;;;
2023/03/02;0000 UTC;;;;;;;;;;;;;;;;;;
2023/03/02;0100 UTC;;;;;;;;;;;;;;;;;;
2023/03/02;0200 UTC;;;;;;;;;;;;;;;;;;
2023/03/02;0300 UTC;;;;;;;;;;;;;;;;;;
2023/03/02;0400 UTC;;;;;;;;;;;;;;;;;;
2023/03/02;0500 UTC;;;;;;;;;;;;;;;;;;
2023/03/02;0600 UTC;;;;;;;;;;;;;;;;;;
2023/03/02;0700 UTC;;;;;;;;;;;;;;;;;;
2023/03/02;0800 UTC;;;;;;;;;;;;;;;;;;
2023/03/02;0900 UTC;;;;;;;;;;;;;;;;;;
2023/03/02;1000 UTC;;;;;;;;;;;;;;;;;;
2023/03/02;1100 UTC;;;;;;;;;;;;;;;;;;
2023/03/02;1200 UTC;;;;;;;;;;;;;;;;;;
2023/03/02;1300 UTC;;;;;;;;;;;;;;;;;;
2023/03/02;1400 UTC;;;;;;;;;;;;;;;;;;
2023/03/02;1500 UTC;;;;;;;;;;;;;;;;;;
2023/03/02;1600 UTC;;;;;;;;;;;;;;;;;;
2023/03/02;1700 UTC;;;;;;;;;;;;;;;;;;
2023/03/02;1800 UTC;;;;;;;;;;;;;;;;;;
2023/03/02;1900 UTC;;;;;;;;;;;;;;;;;;
2023/03/02;2000 UTC;;;;;;;;;;;;;;;;;;
2023/03/02;2100 UTC;;;;;;;;;;;;;;;;;;
2023/03/02;2200 UTC;;;;;;;;;;;;;;;;;;
2023/03/02;2300 UTC;;;;;;;;;;;;;;;;;;
2023/03/03;0000 UTC;;;;;;;;;;;;;;;;;;
2023/03/03;0100 UTC;;;;;;;;;;;;;;;;;;
2023/03/03;0200 UTC;;;;;;;;;;;;;;;;;;
2023/03/03;0300 UTC;;;;;;;;;;;;;;;;;;
2023/03/03;0400 UTC;;;;;;;;;;;;;;;;;;
2023/03/03;0500 UTC;;;;;;;;;;;;;;;;;;
2023/03/03;0600 UTC;;;;;;;;;;;;;;;;;;
2023/03/03;0700 UTC;;;;;;;;;;;;;;;;;;
2023/03/03;0800 UTC;;;;;;;;;;;;;;;;;;
2023/03/03;0900 UTC;;;;;;;;;;;;;;;;;;
2023/03/03;1000 UTC;;;;;;;;;;;;;;;;;;
2023/03/03;1100 UTC;;;;;;;;;;;;;;;;;;
2023/03/03;1200 UTC;;;;;;;;;;;;;;;;;;
2023/03/03;1300 UTC;;;;;;;;;;;;;;;;;;
2023/03/03;1400 UTC;;;;;;;;;;;;;;;;;;
2023/03/03;1500 UTC;;;;;;;;;;;;;;;;;;
2023/03/03;1600 UTC;;;;;;;;;;;;;;;;;;
2023/03/03;1700 UTC;;;;;;;;;;;;;;;;;;
2023/03/03;1800 UTC;;;;;;;;;;;;;;;;;;
2023/03/03;1900 UTC;;;;;;;;;;;;;;;;;;
2023/03/03;2000 UTC;;;;;;;;;;;;;;;;;;
2023/03/03;2100 UTC;;;;;;;;;;;;;;;;;;
2023/03/03;2200 UTC;;;;;;;;;;;;;;;;;;
2023/03/03;2300 UTC;;;;;;;;;;;;;;;;;;
2023/03/04;0000 UTC;;;;;;;;;;;;;;;;;;
2023/03/04;0100 UTC;;;;;;;;;;;;;;;;;;
2023/03/04;0200 UTC;;;;;;;;;;;;;;;;;;
2023/03/04;0300 UTC;;;;;;;;;;;;;;;;;;
2023/03/04;0400 UTC;;;;;;;;;;;;;;;;;;
2023/03/04;0500 UTC;;;;;;;;;;;;;;;;;;
2023/03/04;0600 UTC;;;;;;;;;;;;;;;;;;
2023/03/04;0700 UTC;;;;;;;;;;;;;;;;;;
2023/03/04;0800 UTC;;;;;;;;;;;;;;;;;;
2023/03/04;0900 UTC;;;;;;;;;;;;;;;;;;
2023/03/04;1000 UTC;;;;;;;;;;;;;;;;;;
2023/03/04;1100 UTC;;;;;;;;;;;;;;;;;;
2023/03/04;1200 UTC;;;;;;;;;;;;;;;;;;
2023/03/04;1300 UTC;;;;;;;;;;;;;;;;;;
2023/03/04;1400 UTC;;;;;;;;;;;;;;;;;;
2023/03/04;1500 UTC;;;;;;;;;;;;;;;;;;
2023/03/04;1600 UTC;;;;;;;;;;;;;;;;;;
2023/03/04;1700 UTC;;;;;;;;;;;;;;;;;;
2023/03/04;1800 UTC;;;;;;;;;;;;;;;;;;
2023/03/04;1900 UTC;;;;;;;;;;;;;;;;;;
2023/03/04;2000 UTC;;;;;;;;;;;;;;;;;;
2023/03/04;2100 UTC;;;;;;;;;;;;;;;;;;
2023/03/04;2200 UTC;;;;;;;;;;;;;;;;;;
2023/03/04;2300 UTC;;;;;;;;;;;;;;;;;;
2023/03/05;0000 UTC;;;;;;;;;;;;;;;;;;
2023/03/05;0100 UTC;;;;;;;;;;;;;;;;;;
2023/03/05;0200 UTC;;;;;;;;;;;;;;;;;;
2023/03/05;0300 UTC;;;;;;;;;;;;;;;;;;
2023/03/05;0400 UTC;;;;;;;;;;;;;;;;;;
2023/03/05;0500 UTC;;;;;;;;;;;;;;;;;;
2023/03/05;0600 UTC;;;;;;;;;;;;;;;;;;
2023/03/05;0700 UTC;;;;;;;;;;;;;;;;;;
2023/03/05;0800 UTC;;;;;;;;;;;;;;;;;;
2023/03/05;0900 UTC;;;;;;;;;;;;;;;;;;
2023/03/05;1000 UTC;;;;;;;;;;;;;;;;;;
2023/03/05;1100 UTC;;;;;;;;;;;;;;;;;;
2023/03/05;1200 UTC;;;;;;;;;;;;;;;;;;
2023/03/05;1300 UTC;;;;;;;;;;;;;;;;;;
2023/03/05;1400 UTC;;;;;;;;;;;;;;;;;;
2023/03/05;1500 UTC;;;;;;;;;;;;;;;;;;
2023/03/05;1600 UTC;;;;;;;;;;;;;;;;;;
2023/03/05;1700 UTC;;;;;;;;;;;;;;;;;;
2023/03/05;1800 UTC;;;;;;;;;;;;;;;;;;
2023/03/05;1900 UTC;;;;;;;;;;;;;;;;;;
2023/03/05;2000 UTC;;;;;;;;;;;;;;;;;;
2023/03/05;2100 UTC;;;;;;;;;;;;;;;;;;
2023/03/05;2200 UTC;;;;;;;;;;;;;;;;;;
2023/03/05;2300 UTC;;;;;;;;;;;;;;;;;;
2023/03/06;0000 UTC;;;;;;;;;;;;;;;;;;
2023/03/06;0100 UTC;;;;;;;;;;;;;;;;;;
2023/03/06;0200 UTC;;;;;;;;;;;;;;;;;;
2023/03/06;0300 UTC;;;;;;;;;;;;;;;;;;
2023/03/06;0400 UTC;;;;;;;;;;;;;;;;;;
2023/03/06;0500 UTC;;;;;;;;;;;;;;;;;;
2023/03/06;0600 UTC;;;;;;;;;;;;;;;;;;
2023/03/06;0700 UTC;;;;;;;;;;;;;;;;;;
2023/03/06;0800 UTC;;;;;;;;;;;;;;;;;;
2023/03/06;0900 UTC;;;;;;;;;;;;;;;;;;
2023/03/06;1000 UTC;;;;;;;;;;;;;;;;;;
2023/03/06;1100 UTC;;;;;;;;;;;;;;;;;;
2023/03/06;1200 UTC;;;;;;;;;;;;;;;;;;
2023/03/06;1300 UTC;;;;;;;;;;;;;;;;;;
2023/03/06;1400 UTC;;;;;;;;;;;;;;;;;;
2023/03/06;1500 UTC;;;;;;;;;;;;;;;;;;
2023/03/06;1600 UTC;;;;;;;;;;;;;;;;;;
2023/03/06;1700 UTC;;;;;;;;;;;;;;;;;;
2023/03/06;1800 UTC;;;;;;;;;;;;;;;;;;
2023/03/06;1900 UTC;;;;;;;;;;;;;;;;;;
2023/03/06;2000 UTC;;;;;;;;;;;;;;;;;;
2023/03/06;2100 UTC;;;;;;;;;;;;;;;;;;
2023/03/06;2200 UTC;;;;;;;;;;;;;;;;;;
2023/03/06;2300 UTC;;;;;;;;;;;;;;;;;;
2023/03/07;0000 UTC;;;;;;;;;;;;;;;;;;
2023/03/07;0100 UTC;;;;;;;;;;;;;;;;;;
2023/03/07;0200 UTC;;;;;;;;;;;;;;;;;;
2023/03/07;0300 UTC;;;;;;;;;;;;;;;;;;
2023/03/07;0400 UTC;;;;;;;;;;;;;;;;;;
2023/03/07;0500 UTC;;;;;;;;;;;;;;;;;;
2023/03/07;0600 UTC;;;;;;;;;;;;;;;;;;
2023/03/07;0700 UTC;;;;;;;;;;;;;;;;;;
2023/03/07;0800 UTC;;;;;;;;;;;;;;;;;;
2023/03/07;0900 UTC;;;;;;;;;;;;;;;;;;
2023/03/07;1000 UTC;;;;;;;;;;;;;;;;;;
2023/03/07;1100 UTC;;;;;;;;;;;;;;;;;;
2023/03/07;1200 UTC;;;;;;;;;;;;;;;;;;
2023/03/07;1300 UTC;;;;;;;;;;;;;;;;;;
2023/03/07;1400 UTC;;;;;;;;;;;;;;;;;;
2023/03/07;1500 UTC;;;;;;;;;;;;;;;;;;
2023/03/07;1600 UTC;;;;;;;;;;;;;;;;;;
2023/03/07;1700 UTC;;;;;;;;;;;;;;;;;;
2023/03/07;1800 UTC;;;;;;;;;;;;;;;;;;
2023/03/07;1900 UTC;;;;;;;;;;;;;;;;;;
2023/03/07;2000 UTC;;;;;;;;;;;;;;;;;;
2023/03/07;2100 UTC;;;;;;;;;;;;;;;;;;
2023/03/07;2200 UTC;;;;;;;;;;;;;;;;;;
2023/03/07;2300 UTC;;;;;;;;;;;;;;;;;;
2023/03/08;0000 UTC;;;;;;;;;;;;;;;;;;
2023/03/08;0100 UTC;;;;;;;;;;;;;;;;;;
2023/03/08;0200 UTC;;;;;;;;;;;;;;;;;;
2023/03/08;0300 UTC;;;;;;;;;;;;;;;;;;
2023/03/08;0400 UTC;;;;;;;;;;;;;;;;;;
2023/03/08;0500 UTC;;;;;;;;;;;;;;;;;;
2023/03/08;0600 UTC;;;;;;;;;;;;;;;;;;
2023/03/08;0700 UTC;;;;;;;;;;;;;;;;;;
2023/03/08;0800 UTC;;;;;;;;;;;;;;;;;;
2023/03/08;0900 UTC;;;;;;;;;;;;;;;;;;
2023/03/08;1000 UTC;;;;;;;;;;;;;;;;;;
2023/03/08;1100 UTC;;;;;;;;;;;;;;;;;;
2023/03/08;1200 UTC;;;;;;;;;;;;;;;;;;
2023/03/08;1300 UTC;;;;;;;;;;;;;;;;;;
2023/03/08;1400 UTC;;;;;;;;;;;;;;;;;;
2023/03/08;1500 UTC;;;;;;;;;;;;;;;;;;
2023/03/08;1600 UTC;;;;;;;;;;;;;;;;;;
2023/03/08;1700 UTC;;;;;;;;;;;;;;;;;;
2023/03/08;1800 UTC;;;;;;;;;;;;;;;;;;
2023/03/08;1900 UTC;;;;;;;;;;;;;;;;;;
2023/03/08;2000 UTC;;;;;;;;;;;;;;;;;;
2023/03/08;2100 UTC;;;;;;;;;;;;;;;;;;
2023/03/08;2200 UTC;;;;;;;;;;;;;;;;;;
2023/03/08;2300 UTC;;;;;;;;;;;;;;;;;;
2023/03/09;0000 UTC;;;;;;;;;;;;;;;;;;
2023/03/09;0100 UTC;;;;;;;;;;;;;;;;;;
2023/03/09;0200 UTC;;;;;;;;;;;;;;;;;;
2023/03/09;0300 UTC;;;;;;;;;;;;;;;;;;
2023/03/09;0400 UTC;;;;;;;;;;;;;;;;;;
2023/03/09;0500 UTC;;;;;;;;;;;;;;;;;;
2023/03/09;0600 UTC;;;;;;;;;;;;;;;;;;
2023/03/09;0700 UTC;;;;;;;;;;;;;;;;;;
2023/03/09;0800 UTC;;;;;;;;;;;;;;;;;;
2023/03/09;0900 UTC;;;;;;;;;;;;;;;;;;
2023/03/09;1000 UTC;;;;;;;;;;;;;;;;;;
2023/03/09;1100 UTC;;;;;;;;;;;;;;;;;;
2023/03/09;1200 UTC;;;;;;;;;;;;;;;;;;
2023/03/09;1300 UTC;;;;;;;;;;;;;;;;;;
2023/03/09;1400 UTC;;;;;;;;;;;;;;;;;;
2023/03/09;1500 UTC;;;;;;;;;;;;;;;;;;
2023/03/09;1600 UTC;;;;;;;;;;;;;;;;;;
2023/03/09;1700 UTC;;;;;;;;;;;;;;;;;;
2023/03/09;1800 UTC;;;;;;;;;;;;;;;;;;
2023/03/09;1900 UTC;;;;;;;;;;;;;;;;;;
2023/03/09;2000 UTC;;;;;;;;;;;;;;;;;;
2023/03/09;2100 UTC;;;;;;;;;;;;;;;;;;
2023/03/09;2200 UTC;;;;;;;;;;;;;;;;;;
2023/03/09;2300 UTC;;;;;;;;;;;;;;;;;;
2023/03/10;0000 UTC;;;;;;;;;;;;;;;;;;
2023/03/10;0100 UTC;;;;;;;;;;;;;;;;;;
2023/03/10;0200 UTC;;;;;;;;;;;;;;;;;;
2023/03/10;0300 UTC;;;;;;;;;;;;;;;;;;
2023/03/10;0400 UTC;;;;;;;;;;;;;;;;;;
2023/03/10;0500 UTC;;;;;;;;;;;;;;;;;;
2023/03/10;0600 UTC;;;;;;;;;;;;;;;;;;
2023/03/10;0700 UTC;;;;;;;;;;;;;;;;;;
2023/03/10;0800 UTC;;;;;;;;;;;;;;;;;;
2023/03/10;0900 UTC;;;;;;;;;;;;;;;;;;
2023/03/10;1000 UTC;;;;;;;;;;;;;;;;;;
2023/03/10;1100 UTC;;;;;;;;;;;;;;;;;;
2023/03/10;1200 UTC;;;;;;;;;;;;;;;;;;
2023/03/10;1300 UTC;;;;;;;;;;;;;;;;;;
2023/03/10;1400 UTC;;;;;;;;;;;;;;;;;;
2023/03/10;1500 UTC;;;;;;;;;;;;;;;;;;
2023/03/10;1600 UTC;;;;;;;;;;;;;;;;;;
2023/03/10;1700 UTC;;;;;;;;;;;;;;;;;;
2023/03/10;1800 UTC;;;;;;;;;;;;;;;;;;
2023/03/10;1900 UTC;;;;;;;;;;;;;;;;;;
2023/03/10;2000 UTC;;;;;;;;;;;;;;;;;;
2023/03/10;2100 UTC;;;;;;;;;;;;;;;;;;
2023/03/10;2200 UTC;;;;;;;;;;;;;;;;;;
2023/03/10;2300 UTC;;;;;;;;;;;;;;;;;;
2023/03/11;0000 UTC;;;;;;;;;;;;;;;;;;
2023/03/11;0100 UTC;;;;;;;;;;;;;;;;;;
2023/03/11;0200 UTC;;;;;;;;;;;;;;;;;;
2023/03/11;0300 UTC;;;;;;;;;;;;;;;;;;
2023/03/11;0400 UTC;;;;;;;;;;;;;;;;;;
2023/03/11;0500 UTC;;;;;;;;;;;;;;;;;;
2023/03/11;0600 UTC;;;;;;;;;;;;;;;;;;
2023/03/11;0700 UTC;;;;;;;;;;;;;;;;;;
2023/03/11;0800 UTC;;;;;;;;;;;;;;;;;;
2023/03/11;0900 UTC;;;;;;;;;;;;;;;;;;
2023/03/11;1000 UTC;;;;;;;;;;;;;;;;;;
2023/03/11;1100 UTC;;;;;;;;;;;;;;;;;;
2023/03/11;1200 UTC;;;;;;;;;;;;;;;;;;
2023/03/11;1300 UTC;;;;;;;;;;;;;;;;;;
2023/03/11;1400 UTC;;;;;;;;;;;;;;;;;;
2023/03/11;1500 UTC;;;;;;;;;;;;;;;;;;
2023/03/11;1600 UTC;;;;;;;;;;;;;;;;;;
2023/03/11;1700 UTC;;;;;;;;;;;;;;;;;;
2023/03/11;1800 UTC;;;;;;;;;;;;;;;;;;
2023/03/11;1900 UTC;;;;;;;;;;;;;;;;;;
2023/03/11;2000 UTC;;;;;;;;;;;;;;;;;;
2023/03/11;2100 UTC;;;;;;;;;;;;;;;;;;
2023/03/11;2200 UTC;;;;;;;;;;;;;;;;;;
2023/03/11;2300 UTC;;;;;;;;;;;;;;;;;;
2023/03/12;0000 UTC;;;;;;;;;;;;;;;;;;
2023/03/12;0100 UTC;;;;;;;;;;;;;;;;;;
2023/03/12;0200 UTC;;;;;;;;;;;;;;;;;;
2023/03/12;0300 UTC;;;;;;;;;;;;;;;;;;
2023/03/12;0400 UTC;;;;;;;;;;;;;;;;;;
2023/03/12;0500 UTC;;;;;;;;;;;;;;;;;;
2023/03/12;0600 UTC;;;;;;;;;;;;;;;;;;
2023/03/12;0700 UTC;;;;;;;;;;;;;;;;;;
2023/03/12;0800 UTC;;;;;;;;;;;;;;;;;;
2023/03/12;0900 UTC;;;;;;;;;;;;;;;;;;
2023/03/12;1000 UTC;;;;;;;;;;;;;;;;;;
2023/03/12;1100 UTC;;;;;;;;;;;;;;;;;;
2023/03/12;1200 UTC;;;;;;;;;;;;;;;;;;
2023/03/12;1300 UTC;;;;;;;;;;;;;;;;;;
2023/03/12;1400 UTC;;;;;;;;;;;;;;;;;;
2023/03/12;1500 UTC;;;;;;;;;;;;;;;;;;
2023/03/12;1600 UTC;;;;;;;;;;;;;;;;;;
2023/03/12;1700 UTC;;;;;;;;;;;;;;;;;;
2023/03/12;1800 UTC;;;;;;;;;;;;;;;;;;
2023/03/12;1900 UTC;;;;;;;;;;;;;;;;;;
2023/03/12;2000 UTC;;;;;;;;;;;;;;;;;;
2023/03/12;2100 UTC;;;;;;;;;;;;;;;;;;
2023/03/12;2200 UTC;;;;;;;;;;;;;;;;;;
2023/03/12;2300 UTC;;;;;;;;;;;;;;;;;;
2023/03/13;0000 UTC;;;;;;;;;;;;;;;;;;
2023/03/13;0100 UTC;;;;;;;;;;;;;;;;;;
2023/03/13;0200 UTC;;;;;;;;;;;;;;;;;;
2023/03/13;0300 UTC;;;;;;;;;;;;;;;;;;
2023/03/13;0400 UTC;;;;;;;;;;;;;;;;;;
2023/03/13;0500 UTC;;;;;;;;;;;;;;;;;;
2023/03/13;0600 UTC;;;;;;;;;;;;;;;;;;
2023/03/13;0700 UTC;;;;;;;;;;;;;;;;;;
2023/03/13;0800 UTC;;;;;;;;;;;;;;;;;;
2023/03/13;0900 UTC;;;;;;;;;;;;;;;;;;
2023/03/13;1000 UTC;;;;;;;;;;;;;;;;;;
2023/03/13;1100 UTC;;;;;;;;;;;;;;;;;;
2023/03/13;1200 UTC;;;;;;;;;;;;;;;;;;
2023/03/13;1300 UTC;;;;;;;;;;;;;;;;;;
2023/03/13;1400 UTC;;;;;;;;;;;;;;;;;;
2023/03/13;1500 UTC;;;;;;;;;;;;;;;;;;
2023/03/13;1600 UTC;;;;;;;;;;;;;;;;;;
2023/03/13;1700 UTC;;;;;;;;;;;;;;;;;;
2023/03/13;1800 UTC;;;;;;;;;;;;;;;;;;
2023/03/13;1900 UTC;;;;;;;;;;;;;;;;;;
2023/03/13;2000 UTC;;;;;;;;;;;;;;;;;;
2023/03/13;2100 UTC;;;;;;;;;;;;;;;;;;
2023/03/13;2200 UTC;;;;;;;;;;;;;;;;;;
2023/03/13;2300 UTC;;;;;;;;;;;;;;;;;;
2023/03/14;0000 UTC;;;;;;;;;;;;;;;;;;
2023/03/14;0100 UTC;;;;;;;;;;;;;;;;;;
2023/03/14;0200 UTC;;;;;;;;;;;;;;;;;;
2023/03/14;0300 UTC;;;;;;;;;;;;;;;;;;
2023/03/14;0400 UTC;;;;;;;;;;;;;;;;;;
2023/03/14;0500 UTC;;;;;;;;;;;;;;;;;;
2023/03/14;0600 UTC;;;;;;;;;;;;;;;;;;
2023/03/14;0700 UTC;;;;;;;;;;;;;;;;;;
2023/03/14;0800 UTC;;;;;;;;;;;;;;;;;;
2023/03/14;0900 UTC;;;;;;;;;;;;;;;;;;
2023/03/14;1000 UTC;;;;;;;;;;;;;;;;;;
2023/03/14;1100 UTC;;;;;;;;;;;;;;;;;;
2023/03/14;1200 UTC;;;;;;;;;;;;;;;;;;
2023/03/14;1300 UTC;;;;;;;;;;;;;;;;;;
2023/03/14;1400 UTC;;;;;;;;;;;;;;;;;;
2023/03/14;1500 UTC;;;;;;;;;;;;;;;;;;
2023/03/14;1600 UTC;;;;;;;;;;;;;;;;;;
2023/03/14;1700 UTC;;;;;;;;;;;;;;;;;;
2023/03/14;1800 UTC;;;;;;;;;;;;;;;;;;
2023/03/14;1900 UTC;;;;;;;;;;;;;;;;;;
2023/03/14;2000 UTC;;;;;;;;;;;;;;;;;;
2023/03/14;2100 UTC;;;;;;;;;;;;;;;;;;
2023/03/14;2200 UTC;;;;;;;;;;;;;;;;;;
2023/03/14;2300 UTC;;;;;;;;;;;;;;;;;;
2023/03/15;0000 UTC;;;;;;;;;;;;;;;;;;
2023/03/15;0100 UTC;;;;;;;;;;;;;;;;;;
2023/03/15;0200 UTC;;;;;;;;;;;;;;;;;;
2023/03/15;0300 UTC;;;;;;;;;;;;;;;;;;
2023/03/15;0400 UTC;;;;;;;;;;;;;;;;;;
2023/03/15;0500 UTC;;;;;;;;;;;;;;;;;;
2023/03/15;0600 UTC;;;;;;;;;;;;;;;;;;
2023/03/15;0700 UTC;;;;;;;;;;;;;;;;;;
2023/03/15;0800 UTC;;;;;;;;;;;;;;;;;;
2023/03/15;0900 UTC;;;;;;;;;;;;;;;;;;
2023/03/15;1000 UTC;;;;;;;;;;;;;;;;;;
2023/03/15;1100 UTC;;;;;;;;;;;;;;;;;;
2023/03/15;1200 UTC;;;;;;;;;;;;;;;;;;
2023/03/15;1300 UTC;;;;;;;;;;;;;;;;;;
2023/03/15;1400 UTC;;;;;;;;;;;;;;;;;;
2023/03/15;1500 UTC;;;;;;;;;;;;;;;;;;
2023/03/15;1600 UTC;;;;;;;;;;;;;;;;;;
2023/03/15;1700 UTC;;;;;;;;;;;;;;;;;;
2023/03/15;1800 UTC;;;;;;;;;;;;;;;;;;
2023/03/15;1900 UTC;;;;;;;;;;;;;;;;;;
2023/03/15;2000 UTC;;;;;;;;;;;;;;;;;;
2023/03/15;2100 UTC;;;;;;;;;;;;;;;;;;
2023/03/15;2200 UTC;;;;;;;;;;;;;;;;;;
2023/03/15;2300 UTC;;;;;;;;;;;;;;;;;;
2023/03/16;0000 UTC;;;;;;;;;;;;;;;;;;
2023/03/16;0100 UTC;;;;;;;;;;;;;;;;;;
2023/03/16;0200 UTC;;;;;;;;;;;;;;;;;;
2023/03/16;0300 UTC;;;;;;;;;;;;;;;;;;
2023/03/16;0400 UTC;;;;;;;;;;;;;;;;;;
2023/03/16;0500 UTC;;;;;;;;;;;;;;;;;;
2023/03/16;0600 UTC;;;;;;;;;;;;;;;;;;
2023/03/16;0700 UTC;;;;;;;;;;;;;;;;;;
2023/03/16;0800 UTC;;;;;;;;;;;;;;;;;;
2023/03/16;0900 UTC;;;;;;;;;;;;;;;;;;
2023/03/16;1000 UTC;;;;;;;;;;;;;;;;;;
2023/03/16;1100 UTC;;;;;;;;;;;;;;;;;;
2023/03/16;1200 UTC;;;;;;;;;;;;;;;;;;
2023/03/16;1300 UTC;;;;;;;;;;;;;;;;;;
2023/03/16;1400 UTC;;;;;;;;;;;;;;;;;;
2023/03/16;1500 UTC;;;;;;;;;;;;;;;;;;
2023/03/16;1600 UTC;;;;;;;;;;;;;;;;;;
2023/03/16;1700 UTC;;;;;;;;;;;;;;;;;;
2023/03/16;1800 UTC;;;;;;;;;;;;;;;;;;
2023/03/16;1900 UTC;;;;;;;;;;;;;;;;;;
2023/03/16;2000 UTC;;;;;;;;;;;;;;;;;;
2023/03/16;2100 UTC;;;;;;;;;;;;;;;;;;
2023/03/16;2200 UTC;;;;;;;;;;;;;;;;;;
2023/03/16;2300 UTC;;;;;;;;;;;;;;;;;;
2023/03/17;0000 UTC;;;;;;;;;;;;;;;;;;
2023/03/17;0100 UTC;;;;;;;;;;;;;;;;;;
2023/03/17;0200 UTC;;;;;;;;;;;;;;;;;;
2023/03/17;0300 UTC;;;;;;;;;;;;;;;;;;
2023/03/17;0400 UTC;;;;;;;;;;;;;;;;;;
2023/03/17;0500 UTC;;;;;;;;;;;;;;;;;;
2023/03/17;0600 UTC;;;;;;;;;;;;;;;;;;
2023/03/17;0700 UTC;;;;;;;;;;;;;;;;;;
2023/03/17;0800 UTC;;;;;;;;;;;;;;;;;;
2023/03/17;0900 UTC;;;;;;;;;;;;;;;;;;
2023/03/17;1000 UTC;;;;;;;;;;;;;;;;;;
2023/03/17;1100 UTC;;;;;;;;;;;;;;;;;;
2023/03/17;1200 UTC;;;;;;;;;;;;;;;;;;
2023/03/17;1300 UTC;;;;;;;;;;;;;;;;;;
2023/03/17;1400 UTC;;;;;;;;;;;;;;;;;;
2023/03/17;1500 UTC;;;;;;;;;;;;;;;;;;
2023/03/17;1600 UTC;;;;;;;;;;;;;;;;;;
2023/03/17;1700 UTC;;;;;;;;;;;;;;;;;;
2023/03/17;1800 UTC;;;;;;;;;;;;;;;;;;
2023/03/17;1900 UTC;;;;;;;;;;;;;;;;;;
2023/03/17;2000 UTC;;;;;;;;;;;;;;;;;;
2023/03/17;2100 UTC;;;;;;;;;;;;;;;;;;
2023/03/17;2200 UTC;;;;;;;;;;;;;;;;;;
2023/03/17;2300 UTC;;;;;;;;;;;;;;;;;;
2023/03/18;0000 UTC;;;;;;;;;;;;;;;;;;
2023/03/18;0100 UTC;;;;;;;;;;;;;;;;;;
2023/03/18;0200 UTC;;;;;;;;;;;;;;;;;;
2023/03/18;0300 UTC;;;;;;;;;;;;;;;;;;
2023/03/18;0400 UTC;;;;;;;;;;;;;;;;;;
2023/03/18;0500 UTC;;;;;;;;;;;;;;;;;;
2023/03/18;0600 UTC;;;;;;;;;;;;;;;;;;
2023/03/18;0700 UTC;;;;;;;;;;;;;;;;;;
2023/03/18;0800 UTC;;;;;;;;;;;;;;;;;;
2023/03/18;0900 UTC;;;;;;;;;;;;;;;;;;
2023/03/18;1000 UTC;;;;;;;;;;;;;;;;;;
2023/03/18;1100 UTC;;;;;;;;;;;;;;;;;;
2023/03/18;1200 UTC;;;;;;;;;;;;;;;;;;
2023/03/18;1300 UTC;;;;;;;;;;;;;;;;;;
2023/03/18;1400 UTC;;;;;;;;;;;;;;;;;;
2023/03/18;1500 UTC;;;;;;;;;;;;;;;;;;
2023/03/18;1600 UTC;;;;;;;;;;;;;;;;;;
2023/03/18;1700 UTC;;;;;;;;;;;;;;;;;;
2023/03/18;1800 UTC;;;;;;;;;;;;;;;;;;
2023/03/18;1900 UTC;;;;;;;;;;;;;;;;;;
2023/03/18;2000 UTC;;;;;;;;;;;;;;;;;;
2023/03/18;2100 UTC;;;;;;;;;;;;;;;;;;
2023/03/18;2200 UTC;;;;;;;;;;;;;;;;;;
2023/03/18;2300 UTC;;;;;;;;;;;;;;;;;;
2023/03/19;0000 UTC;;;;;;;;;;;;;;;;;;
2023/03/19;0100 UTC;;;;;;;;;;;;;;;;;;
2023/03/19;0200 UTC;;;;;;;;;;;;;;;;;;
2023/03/19;0300 UTC;;;;;;;;;;;;;;;;;;
2023/03/19;0400 UTC;;;;;;;;;;;;;;;;;;
2023/03/19;0500 UTC;;;;;;;;;;;;;;;;;;
2023/03/19;0600 UTC;;;;;;;;;;;;;;;;;;
2023/03/19;0700 UTC;;;;;;;;;;;;;;;;;;
2023/03/19;0800 UTC;;;;;;;;;;;;;;;;;;
2023/03/19;0900 UTC;;;;;;;;;;;;;;;;;;
2023/03/19;1000 UTC;;;;;;;;;;;;;;;;;;
2023/03/19;1100 UTC;;;;;;;;;;;;;;;;;;
2023/03/19;1200 UTC;;;;;;;;;;;;;;;;;;
2023/03/19;1300 UTC;;;;;;;;;;;;;;;;;;
2023/03/19;1400 UTC;;;;;;;;;;;;;;;;;;
2023/03/19;1500 UTC;;;;;;;;;;;;;;;;;;
2023/03/19;1600 UTC;;;;;;;;;;;;;;;;;;
2023/03/19;1700 UTC;;;;;;;;;;;;;;;;;;
2023/03/19;1800 UTC;;;;;;;;;;;;;;;;;;
2023/03/19;1900 UTC;;;;;;;;;;;;;;;;;;
2023/03/19;2000 UTC;;;;;;;;;;;;;;;;;;
2023/03/19;2100 UTC;;;;;;;;;;;;;;;;;;
2023/03/19;2200 UTC;;;;;;;;;;;;;;;;;;
2023/03/19;2300 UTC;;;;;;;;;;;;;;;;;;
2023/03/20;0000 UTC;;;;;;;;;;;;;;;;;;
2023/03/20;0100 UTC;;;;;;;;;;;;;;;;;;
2023/03/20;0200 UTC;;;;;;;;;;;;;;;;;;
2023/03/20;0300 UTC;;;;;;;;;;;;;;;;;;
2023/03/20;0400 UTC;;;;;;;;;;;;;;;;;;
2023/03/20;0500 UTC;;;;;;;;;;;;;;;;;;
2023/03/20;0600 UTC;;;;;;;;;;;;;;;;;;
2023/03/20;0700 UTC;;;;;;;;;;;;;;;;;;
2023/03/20;0800 UTC;;;;;;;;;;;;;;;;;;
2023/03/20;0900 UTC;;;;;;;;;;;;;;;;;;
2023/03/20;1000 UTC;;;;;;;;;;;;;;;;;;
2023/03/20;1100 UTC;;;;;;;;;;;;;;;;;;
2023/03/20;1200 UTC;;;;;;;;;;;;;;;;;;
2023/03/20;1300 UTC;;;;;;;;;;;;;;;;;;
2023/03/20;1400 UTC;;;;;;;;;;;;;;;;;;
2023/03/20;1500 UTC;;;;;;;;;;;;;;;;;;
2023/03/20;1600 UTC;;;;;;;;;;;;;;;;;;
2023/03/20;1700 UTC;;;;;;;;;;;;;;;;;;
2023/03/20;1800 UTC;;;;;;;;;;;;;;;;;;
2023/03/20;1900 UTC;;;;;;;;;;;;;;;;;;
2023/03/20;2000 UTC;;;;;;;;;;;;;;;;;;
2023/03/20;2100 UTC;;;;;;;;;;;;;;;;;;
2023/03/20;2200 UTC;;;;;;;;;;;;;;;;;;
2023/03/20;2300 UTC;;;;;;;;;;;;;;;;;;
2023/03/21;0000 UTC;;;;;;;;;;;;;;;;;;
2023/03/21;0100 UTC;;;;;;;;;;;;;;;;;;
2023/03/21;0200 UTC;;;;;;;;;;;;;;;;;;
2023/03/21;0300 UTC;;;;;;;;;;;;;;;;;;
2023/03/21;0400 UTC;;;;;;;;;;;;;;;;;;
2023/03/21;0500 UTC;;;;;;;;;;;;;;;;;;
2023/03/21;0600 UTC;;;;;;;;;;;;;;;;;;
2023/03/21;0700 UTC;;;;;;;;;;;;;;;;;;
2023/03/21;0800 UTC;;;;;;;;;;;;;;;;;;
2023/03/21;0900 UTC;;;;;;;;;;;;;;;;;;
2023/03/21;1000 UTC;;;;;;;;;;;;;;;;;;
2023/03/21;1100 UTC;;;;;;;;;;;;;;;;;;
2023/03/21;1200 UTC;;;;;;;;;;;;;;;;;;
2023/03/21;1300 UTC;;;;;;;;;;;;;;;;;;
2023/03/21;1400 UTC;;;;;;;;;;;;;;;;;;
2023/03/21;1500 UTC;;;;;;;;;;;;;;;;;;
2023/03/21;1600 UTC;;;;;;;;;;;;;;;;;;
2023/03/21;1700 UTC;;;;;;;;;;;;;;;;;;
2023/03/21;1800 UTC;;;;;;;;;;;;;;;;;;
2023/03/21;1900 UTC;;;;;;;;;;;;;;;;;;
2023/03/21;2000 UTC;;;;;;;;;;;;;;;;;;
2023/03/21;2100 UTC;;;;;;;;;;;;;;;;;;
2023/03/21;2200 UTC;;;;;;;;;;;;;;;;;;
2023/03/21;2300 UTC;;;;;;;;;;;;;;;;;;
2023/03/22;0000 UTC;;;;;;;;;;;;;;;;;;
2023/03/22;0100 UTC;;;;;;;;;;;;;;;;;;
2023/03/22;0200 UTC;;;;;;;;;;;;;;;;;;
2023/03/22;0300 UTC;;;;;;;;;;;;;;;;;;
2023/03/22;0400 UTC;;;;;;;;;;;;;;;;;;
2023/03/22;0500 UTC;;;;;;;;;;;;;;;;;;
2023/03/22;0600 UTC;;;;;;;;;;;;;;;;;;
2023/03/22;0700 UTC;;;;;;;;;;;;;;;;;;
2023/03/22;0800 UTC;;;;;;;;;;;;;;;;;;
2023/03/22;0900 UTC;;;;;;;;;;;;;;;;;;
2023/03/22;1000 UTC;;;;;;;;;;;;;;;;;;
2023/03/22;1100 UTC;;;;;;;;;;;;;;;;;;
2023/03/22;1200 UTC;;;;;;;;;;;;;;;;;;
2023/03/22;1300 UTC;;;;;;;;;;;;;;;;;;
2023/03/22;1400 UTC;;;;;;;;;;;;;;;;;;
2023/03/22;1500 UTC;;;;;;;;;;;;;;;;;;
2023/03/22;1600 UTC;;;;;;;;;;;;;;;;;;
2023/03/22;1700 UTC;;;;;;;;;;;;;;;;;;
2023/03/22;1800 UTC;;;;;;;;;;;;;;;;;;
2023/03/22;1900 UTC;;;;;;;;;;;;;;;;;;
2023/03/22;2000 UTC;;;;;;;;;;;;;;;;;;
2023/03/22;2100 UTC;;;;;;;;;;;;;;;;;;
2023/03/22;2200 UTC;;;;;;;;;;;;;;;;;;
2023/03/22;2300 UTC;;;;;;;;;;;;;;;;;;
2023/03/23;0000 UTC;;;;;;;;;;;;;;;;;;
2023/03/23;0100 UTC;;;;;;;;;;;;;;;;;;
2023/03/23;0200 UTC;;;;;;;;;;;;;;;;;;
2023/03/23;0300 UTC;;;;;;;;;;;;;;;;;;
2023/03/23;0400 UTC;;;;;;;;;;;;;;;;;;
2023/03/23;0500 UTC;;;;;;;;;;;;;;;;;;
2023/03/23;0600 UTC;;;;;;;;;;;;;;;;;;
2023/03/23;0700 UTC;;;;;;;;;;;;;;;;;;
2023/03/23;0800 UTC;;;;;;;;;;;;;;;;;;
2023/03/23;0900 UTC;;;;;;;;;;;;;;;;;;
2023/03/23;1000 UTC;;;;;;;;;;;;;;;;;;
2023/03/23;1100 UTC;;;;;;;;;;;;;;;;;;
2023/03/23;1200 UTC;;;;;;;;;;;;;;;;;;
2023/03/23;1300 UTC;;;;;;;;;;;;;;;;;;
2023/03/23;1400 UTC;;;;;;;;;;;;;;;;;;
2023/03/23;1500 UTC;;;;;;;;;;;;;;;;;;
2023/03/23;1600 UTC;;;;;;;;;;;;;;;;;;
2023/03/23;1700 UTC;;;;;;;;;;;;;;;;;;
2023/03/23;1800 UTC;;;;;;;;;;;;;;;;;;
2023/03/23;1900 UTC;;;;;;;;;;;;;;;;;;
2023/03/23;2000 UTC;;;;;;;;;;;;;;;;;;
2023/03/23;2100 UTC;;;;;;;;;;;;;;;;;;
2023/03/23;2200 UTC;;;;;;;;;;;;;;;;;;
2023/03/23;2300 UTC;;;;;;;;;;;;;;;;;;
2023/03/24;0000 UTC;;;;;;;;;;;;;;;;;;
2023/03/24;0100 UTC;;;;;;;;;;;;;;;;;;
2023/03/24;0200 UTC;;;;;;;;;;;;;;;;;;
2023/03/24;0300 UTC;;;;;;;;;;;;;;;;;;
2023/03/24;0400 UTC;;;;;;;;;;;;;;;;;;
2023/03/24;0500 UTC;;;;;;;;;;;;;;;;;;
2023/03/24;0600 UTC;;;;;;;;;;;;;;;;;;
2023/03/24;0700 UTC;;;;;;;;;;;;;;;;;;
2023/03/24;0800 UTC;;;;;;;;;;;;;;;;;;
2023/03/24;0900 UTC;;;;;;;;;;;;;;;;;;
2023/03/24;1000 UTC;;;;;;;;;;;;;;;;;;
2023/03/24;1100 UTC;;;;;;;;;;;;;;;;;;
2023/03/24;1200 UTC;;;;;;;;;;;;;;;;;;
2023/03/24;1300 UTC;;;;;;;;;;;;;;;;;;
2023/03/24;1400 UTC;;;;;;;;;;;;;;;;;;
2023/03/24;1500 UTC;;;;;;;;;;;;;;;;;;
2023/03/24;1600 UTC;;;;;;;;;;;;;;;;;;
2023/03/24;1700 UTC;;;;;;;;;;;;;;;;;;
2023/03/24;1800 UTC;;;;;;;;;;;;;;;;;;
2023/03/24;1900 UTC;;;;;;;;;;;;;;;;;;
2023/03/24;2000 UTC;;;;;;;;;;;;;;;;;;
2023/03/24;2100 UTC;;;;;;;;;;;;;;;;;;
2023/03/24;2200 UTC;;;;;;;;;;;;;;;;;;
2023/03/24;2300 UTC;;;;;;;;;;;;;;;;;;
2023/03/25;0000 UTC;;;;;;;;;;;;;;;;;;
2023/03/25;0100 UTC;;;;;;;;;;;;;;;;;;
2023/03/25;0200 UTC;;;;;;;;;;;;;;;;;;
2023/03/25;0300 UTC;;;;;;;;;;;;;;;;;;
2023/03/25;0400 UTC;;;;;;;;;;;;;;;;;;
2023/03/25;0500 UTC;;;;;;;;;;;;;;;;;;
2023/03/25;0600 UTC;;;;;;;;;;;;;;;;;;
2023/03/25;0700 UTC;;;;;;;;;;;;;;;;;;
2023/03/25;0800 UTC;;;;;;;;;;;;;;;;;;
2023/03/25;0900 UTC;;;;;;;;;;;;;;;;;;
2023/03/25;1000 UTC;;;;;;;;;;;;;;;;;;
2023/03/25;1100 UTC;;;;;;;;;;;;;;;;;;
2023/03/25;1200 UTC;;;;;;;;;;;;;;;;;;
2023/03/25;1300 UTC;;;;;;;;;;;;;;;;;;
2023/03/25;1400 UTC;;;;;;;;;;;;;;;;;;
2023/03/25;1500 UTC;;;;;;;;;;;;;;;;;;
2023/03/25;1600 UTC;;;;;;;;;;;;;;;;;;
2023/03/25;1700 UTC;;;;;;;;;;;;;;;;;;
2023/03/25;1800 UTC;;;;;;;;;;;;;;;;;;
2023/03/25;1900 UTC;;;;;;;;;;;;;;;;;;
2023/03/25;2000 UTC;;;;;;;;;;;;;;;;;;
2023/03/25;2100 UTC;;;;;;;;;;;;;;;;;;
2023/03/25;2200 UTC;;;;;;;;;;;;;;;;;;
2023/03/25;2300 UTC;;;;;;;;;;;;;;;;;;
2023/03/26;0000 UTC;;;;;;;;;;;;;;;;;;
2023/03/26;0100 UTC;;;;;;;;;;;;;;;;;;
2023/03/26;0200 UTC;;;;;;;;;;;;;;;;;;
2023/03/26;0300 UTC;;;;;;;;;;;;;;;;;;
2023/03/26;0400 UTC;;;;;;;;;;;;;;;;;;
2023/03/26;0500 UTC;;;;;;;;;;;;;;;;;;
2023/03/26;0600 UTC;;;;;;;;;;;;;;;;;;
2023/03/26;0700 UTC;;;;;;;;;;;;;;;;;;
2023/03/26;0800 UTC;;;;;;;;;;;;;;;;;;
2023/03/26;0900 UTC;;;;;;;;;;;;;;;;;;
2023/03/26;1000 UTC;;;;;;;;;;;;;;;;;;
2023/03/26;1100 UTC;;;;;;;;;;;;;;;;;;
2023/03/26;1200 UTC;;;;;;;;;;;;;;;;;;
2023/03/26;1300 UTC;;;;;;;;;;;;;;;;;;
2023/03/26;1400 UTC;;;;;;;;;;;;;;;;;;
2023/03/26;1500 UTC;;;;;;;;;;;;;;;;;;
2023/03/26;1600 UTC;;;;;;;;;;;;;;;;;;
2023/03/26;1700 UTC;;;;;;;;;;;;;;;;;;
2023/03/26;1800 UTC;;;;;;;;;;;;;;;;;;
2023/03/26;1900 UTC;;;;;;;;;;;;;;;;;;
2023/03/26;2000 UTC;;;;;;;;;;;;;;;;;;
2023/03/26;2100 UTC;;;;;;;;;;;;;;;;;;
2023/03/26;2200 UTC;;;;;;;;;;;;;;;;;;
2023/03/26;2300 UTC;;;;;;;;;;;;;;;;;;
2023/03/27;0000 UTC;;;;;;;;;;;;;;;;;;
2023/03/27;0100 UTC;;;;;;;;;;;;;;;;;;
2023/03/27;0200 UTC;;;;;;;;;;;;;;;;;;
2023/03/27;0300 UTC;;;;;;;;;;;;;;;;;;
2023/03/27;0400 UTC;;;;;;;;;;;;;;;;;;
2023/03/27;0500 UTC;;;;;;;;;;;;;;;;;;
2023/03/27;0600 UTC;;;;;;;;;;;;;;;;;;
2023/03/27;0700 UTC;;;;;;;;;;;;;;;;;;
2023/03/27;0800 UTC;;;;;;;;;;;;;;;;;;
2023/03/27;0900 UTC;;;;;;;;;;;;;;;;;;
2023/03/27;1000 UTC;;;;;;;;;;;;;;;;;;
2023/03/27;1100 UTC;;;;;;;;;;;;;;;;;;
2023/03/27;1200 UTC;;;;;;;;;;;;;;;;;;
2023/03/27;1300 UTC;;;;;;;;;;;;;;;;;;
2023/03/27;1400 UTC;;;;;;;;;;;;;;;;;;
2023/03/27;1500 UTC;;;;;;;;;;;;;;;;;;
2023/03/27;1600 UTC;;;;;;;;;;;;;;;;;;
2023/03/27;1700 UTC;;;;;;;;;;;;;;;;;;
2023/03/27;1800 UTC;;;;;;;;;;;;;;;;;;
2023/03/27;1900 UTC;;;;;;;;;;;;;;;;;;
2023/03/27;2000 UTC;;;;;;;;;;;;;;;;;;
2023/03/27;2100 UTC;;;;;;;;;;;;;;;;;;
2023/03/27;2200 UTC;;;;;;;;;;;;;;;;;;
2023/03/27;2300 UTC;;;;;;;;;;;;;;;;;;
2023/03/28;0000 UTC;;;;;;;;;;;;;;;;;;
2023/03/28;0100 UTC;;;;;;;;;;;;;;;;;;
2023/03/28;0200 UTC;;;;;;;;;;;;;;;;;;
2023/03/28;0300 UTC;;;;;;;;;;;;;;;;;;
2023/03/28;0400 UTC;;;;;;;;;;;;;;;;;;
2023/03/28;0500 UTC;;;;;;;;;;;;;;;;;;
2023/03/28;0600 UTC;;;;;;;;;;;;;;;;;;
2023/03/28;0700 UTC;;;;;;;;;;;;;;;;;;
2023/03/28;0800 UTC;;;;;;;;;;;;;;;;;;
2023/03/28;0900 UTC;;;;;;;;;;;;;;;;;;
2023/03/28;1000 UTC;;;;;;;;;;;;;;;;;;
2023/03/28;1100 UTC;;;;;;;;;;;;;;;;;;
2023/03/28;1200 UTC;;;;;;;;;;;;;;;;;;
2023/03/28;1300 UTC;;;;;;;;;;;;;;;;;;
2023/03/28;1400 UTC;;;;;;;;;;;;;;;;;;
2023/03/28;1500 UTC;;;;;;;;;;;;;;;;;;
2023/03/28;1600 UTC;;;;;;;;;;;;;;;;;;
2023/03/28;1700 UTC;;;;;;;;;;;;;;;;;;
2023/03/28;1800 UTC;;;;;;;;;;;;;;;;;;
2023/03/28;1900 UTC;;;;;;;;;;;;;;;;;;
2023/03/28;2000 UTC;;;;;;;;;;;;;;;;;;
2023/03/28;2100 UTC;;;;;;;;;;;;;;;;;;
2023/03/28;2200 UTC;;;;;;;;;;;;;;;;;;
2023/03/28;2300 UTC;;;;;;;;;;;;;;;;;;
2023/03/29;0000 UTC;;;;;;;;;;;;;;;;;;
2023/03/29;0100 UTC;;;;;;;;;;;;;;;;;;
2023/03/29;0200 UTC;;;;;;;;;;;;;;;;;;
2023/03/29;0300 UTC;;;;;;;;;;;;;;;;;;
2023/03/29;0400 UTC;;;;;;;;;;;;;;;;;;
2023/03/29;0500 UTC;;;;;;;;;;;;;;;;;;
2023/03/29;0600 UTC;;;;;;;;;;;;;;;;;;
2023/03/29;0700 UTC;;;;;;;;;;;;;;;;;;
2023/03/29;0800 UTC;;;;;;;;;;;;;;;;;;
2023/03/29;0900 UTC;;;;;;;;;;;;;;;;;;
2023/03/29;1000 UTC;;;;;;;;;;;;;;;;;;
2023/03/29;1100 UTC;;;;;;;;;;;;;;;;;;
2023/03/29;1200 UTC;;;;;;;;;;;;;;;;;;
2023/03/29;1300 UTC;;;;;;;;;;;;;;;;;;
2023/03/29;1400 UTC;;;;;;;;;;;;;;;;;;
2023/03/29;1500 UTC;;;;;;;;;;;;;;;;;;
2023/03/29;1600 UTC;;;;;;;;;;;;;;;;;;
2023/03/29;1700 UTC;;;;;;;;;;;;;;;;;;
2023/03/29;1800 UTC;;;;;;;;;;;;;;;;;;
2023/03/29;1900 UTC;;;;;;;;;;;;;;;;;;
2023/03/29;2000 UTC;;;;;;;;;;;;;;;;;;
2023/03/29;2100 UTC;;;;;;;;;;;;;;;;;;
2023/03/29;2200 UTC;;;;;;;;;;;;;;;;;;
2023/03/29;2300 UTC;;;;;;;;;;;;;;;;;;
2023/03/30;0000 UTC;;;;;;;;;;;;;;;;;;
2023/03/30;0100 UTC;;;;;;;;;;;;;;;;;;
2023/03/30;0200 UTC;;;;;;;;;;;;;;;;;;
2023/03/30;0300 UTC;;;;;;;;;;;;;;;;;;
2023/03/30;0400 UTC;;;;;;;;;;;;;;;;;;
2023/03/30;0500 UTC;;;;;;;;;;;;;;;;;;
2023/03/30;0600 UTC;;;;;;;;;;;;;;;;;;
2023/03/30;0700 UTC;;;;;;;;;;;;;;;;;;
2023/03/30;0800 UTC;;;;;;;;;;;;;;;;;;
2023/03/30;0900 UTC;;;;;;;;;;;;;;;;;;
2023/03/30;1000 UTC;;;;;;;;;;;;;;;;;;
2023/03/30;1100 UTC;;;;;;;;;;;;;;;;;;
2023/03/30;1200 UTC;;;;;;;;;;;;;;;;;;
2023/03/30;1300 UTC;;;;;;;;;;;;;;;;;;
2023/03/30;1400 UTC;;;;;;;;;;;;;;;;;;
2023/03/30;1500 UTC;;;;;;;;;;;;;;;;;;
2023/03/30;1600 UTC;;;;;;;;;;;;;;;;;;
2023/03/30;1700 UTC;;;;;;;;;;;;;;;;;;
2023/03/30;1800 UTC;;;;;;;;;;;;;;;;;;
2023/03/30;1900 UTC;;;;;;;;;;;;;;;;;;
2023/03/30;2000 UTC;;;;;;;;;;;;;;;;;;
2023/03/30;2100 UTC;;;;;;;;;;;;;;;;;;
2023/03/30;2200 UTC;;;;;;;;;;;;;;;;;;
2023/03/30;2300 UTC;;;;;;;;;;;;;;;;;;
2023/03/31;0000 UTC;;;;;;;;;;;;;;;;;;
2023/03/31;0100 UTC;;;;;;;;;;;;;;;;;;
2023/03/31;0200 UTC;;;;;;;;;;;;;;;;;;
2023/03/31;0300 UTC;;;;;;;;;;;;;;;;;;
2023/03/31;0400 UTC;;;;;;;;;;;;;;;;;;
2023/03/31;0500 UTC;;;;;;;;;;;;;;;;;;
2023/03/31;0600 UTC;;;;;;;;;;;;;;;;;;
2023/03/31;0700 UTC;;;;;;;;;;;;;;;;;;
2023/03/31;0800 UTC;;;;;;;;;;;;;;;;;;
2023/03/31;0900 UTC;;;;;;;;;;;;;;;;;;
2023/03/31;1000 UTC;;;;;;;;;;;;;;;;;;
2023/03/31;1100 UTC;;;;;;;;;;;;;;;;;;
2023/03/31;1200 UTC;;;;;;;;;;;;;;;;;;
2023/03/31;1300 UTC;;;;;;;;;;;;;;;;;;
2023/03/31;1400 UTC;;;;;;;;;;;;;;;;;;
2023/03/31;1500 UTC;;;;;;;;;;;;;;;;;;
2023/03/31;1600 UTC;;;;;;;;;;;;;;;;;;
2023/03/31;1700 UTC;;;;;;;;;;;;;;;;;;
2023/03/31;1800 UTC;;;;;;;;;;;;;;;;;;
2023/03/31;1900 UTC;;;;;;;;;;;;;;;;;;
2023/03/31;2000 UTC;;;;;;;;;;;;;;;;;;
2023/03/31;2100 UTC;;;;;;;;;;;;;;;;;;
2023/03/31;2200 UTC;;;;;;;;;;;;;;;;;;
2023/03/31;2300 UTC;;;;;;;;;;;;;;;;;;
2023/04/01;0000 UTC;;;;;;;;;;;;;;;;;;
2023/04/01;0100 UTC;;;;;;;;;;;;;;;;;;
2023/04/01;0200 UTC;;;;;;;;;;;;;;;;;;
2023/04/01;0300 UTC;;;;;;;;;;;;;;;;;;
2023/04/01;0400 UTC;;;;;;;;;;;;;;;;;;
2023/04/01;0500 UTC;;;;;;;;;;;;;;;;;;
2023/04/01;0600 UTC;;;;;;;;;;;;;;;;;;
2023/04/01;0700 UTC;;;;;;;;;;;;;;;;;;
2023/04/01;0800 UTC;;;;;;;;;;;;;;;;;;
2023/04/01;0900 UTC;;;;;;;;;;;;;;;;;;
2023/04/01;1000 UTC;;;;;;;;;;;;;;;;;;
2023/04/01;1100 UTC;;;;;;;;;;;;;;;;;;
2023/04/01;1200 UTC;;;;;;;;;;;;;;;;;;
2023/04/01;1300 UTC;;;;;;;;;;;;;;;;;;
2023/04/01;1400 UTC;;;;;;;;;;;;;;;;;;
2023/04/01;1500 UTC;;;;;;;;;;;;;;;;;;
2023/04/01;1600 UTC;;;;;;;;;;;;;;;;;;
2023/04/01;1700 UTC;;;;;;;;;;;;;;;;;;
2023/04/01;1800 UTC;;;;;;;;;;;;;;;;;;
2023/04/01;1900 UTC;;;;;;;;;;;;;;;;;;
2023/04/01;2000 UTC;;;;;;;;;;;;;;;;;;
2023/04/01;2100 UTC;;;;;;;;;;;;;;;;;;
2023/04/01;2200 UTC;;;;;;;;;;;;;;;;;;
2023/04/01;2300 UTC;;;;;;;;;;;;;;;;;;
2023/04/02;0000 UTC;;;;;;;;;;;;;;;;;;
2023/04/02;0100 UTC;;;;;;;;;;;;;;;;;;
2023/04/02;0200 UTC;;;;;;;;;;;;;;;;;;
2023/04/02;0300 UTC;;;;;;;;;;;;;;;;;;
2023/04/02;0400 UTC;;;;;;;;;;;;;;;;;;
2023/04/02;0500 UTC;;;;;;;;;;;;;;;;;;
2023/04/02;0600 UTC;;;;;;;;;;;;;;;;;;
2023/04/02;0700 UTC;;;;;;;;;;;;;;;;;;
2023/04/02;0800 UTC;;;;;;;;;;;;;;;;;;
2023/04/02;0900 UTC;;;;;;;;;;;;;;;;;;
2023/04/02;1000 UTC;;;;;;;;;;;;;;;;;;
2023/04/02;1100 UTC;;;;;;;;;;;;;;;;;;
2023/04/02;1200 UTC;;;;;;;;;;;;;;;;;;
2023/04/02;1300 UTC;;;;;;;;;;;;;;;;;;
2023/04/02;1400 UTC;;;;;;;;;;;;;;;;;;
2023/04/02;1500 UTC;;;;;;;;;;;;;;;;;;
2023/04/02;1600 UTC;;;;;;;;;;;;;;;;;;
2023/04/02;1700 UTC;;;;;;;;;;;;;;;;;;
2023/04/02;1800 UTC;;;;;;;;;;;;;;;;;;
2023/04/02;1900 UTC;;;;;;;;;;;;;;;;;;
2023/04/02;2000 UTC;;;;;;;;;;;;;;;;;;
2023/04/02;2100 UTC;;;;;;;;;;;;;;;;;;
2023/04/02;2200 UTC;;;;;;;;;;;;;;;;;;
2023/04/02;2300 UTC;;;;;;;;;;;;;;;;;;
2023/04/03;0000 UTC;;;;;;;;;;;;;;;;;;
2023/04/03;0100 UTC;;;;;;;;;;;;;;;;;;
2023/04/03;0200 UTC;;;;;;;;;;;;;;;;;;
2023/04/03;0300 UTC;;;;;;;;;;;;;;;;;;
2023/04/03;0400 UTC;;;;;;;;;;;;;;;;;;
2023/04/03;0500 UTC;;;;;;;;;;;;;;;;;;
2023/04/03;0600 UTC;;;;;;;;;;;;;;;;;;
2023/04/03;0700 UTC;;;;;;;;;;;;;;;;;;
2023/04/03;0800 UTC;;;;;;;;;;;;;;;;;;
2023/04/03;0900 UTC;;;;;;;;;;;;;;;;;;
2023/04/03;1000 UTC;;;;;;;;;;;;;;;;;;
2023/04/03;1100 UTC;;;;;;;;;;;;;;;;;;
2023/04/03;1200 UTC;;;;;;;;;;;;;;;;;;
2023/04/03;1300 UTC;;;;;;;;;;;;;;;;;;
2023/04/03;1400 UTC;;;;;;;;;;;;;;;;;;
2023/04/03;1500 UTC;;;;;;;;;;;;;;;;;;
2023/04/03;1600 UTC;;;;;;;;;;;;;;;;;;
2023/04/03;1700 UTC;;;;;;;;;;;;;;;;;;
2023/04/03;1800 UTC;;;;;;;;;;;;;;;;;;
2023/04/03;1900 UTC;;;;;;;;;;;;;;;;;;
2023/04/03;2000 UTC;;;;;;;;;;;;;;;;;;
2023/04/03;2100 UTC;;;;;;;;;;;;;;;;;;
2023/04/03;2200 UTC;;;;;;;;;;;;;;;;;;
2023/04/03;2300 UTC;;;;;;;;;;;;;;;;;;
2023/04/04;0000 UTC;;;;;;;;;;;;;;;;;;
2023/04/04;0100 UTC;;;;;;;;;;;;;;;;;;
2023/04/04;0200 UTC;;;;;;;;;;;;;;;;;;
2023/04/04;0300 UTC;;;;;;;;;;;;;;;;;;
2023/04/04;0400 UTC;;;;;;;;;;;;;;;;;;
2023/04/04;0500 UTC;;;;;;;;;;;;;;;;;;
2023/04/04;0600 UTC;;;;;;;;;;;;;;;;;;
2023/04/04;0700 UTC;;;;;;;;;;;;;;;;;;
2023/04/04;0800 UTC;;;;;;;;;;;;;;;;;;
2023/04/04;0900 UTC;;;;;;;;;;;;;;;;;;
2023/04/04;1000 UTC;;;;;;;;;;;;;;;;;;
2023/04/04;1100 UTC;;;;;;;;;;;;;;;;;;
2023/04/04;1200 UTC;;;;;;;;;;;;;;;;;;
2023/04/04;1300 UTC;;;;;;;;;;;;;;;;;;
2023/04/04;1400 UTC;;;;;;;;;;;;;;;;;;
2023/04/04;1500 UTC;;;;;;;;;;;;;;;;;;
2023/04/04;1600 UTC;;;;;;;;;;;;;;;;;;
2023/04/04;1700 UTC;;;;;;;;;;;;;;;;;;
2023/04/04;1800 UTC;;;;;;;;;;;;;;;;;;
2023/04/04;1900 UTC;;;;;;;;;;;;;;;;;;
2023/04/04;2000 UTC;;;;;;;;;;;;;;;;;;
2023/04/04;2100 UTC;;;;;;;;;;;;;;;;;;
2023/04/04;2200 UTC;;;;;;;;;;;;;;;;;;
2023/04/04;2300 UTC;;;;;;;;;;;;;;;;;;
2023/04/05;0000 UTC;;;;;;;;;;;;;;;;;;
2023/04/05;0100 UTC;;;;;;;;;;;;;;;;;;
2023/04/05;0200 UTC;;;;;;;;;;;;;;;;;;
2023/04/05;0300 UTC;;;;;;;;;;;;;;;;;;
2023/04/05;0400 UTC;;;;;;;;;;;;;;;;;;
2023/04/05;0500 UTC;;;;;;;;;;;;;;;;;;
2023/04/05;0600 UTC;;;;;;;;;;;;;;;;;;
2023/04/05;0700 UTC;;;;;;;;;;;;;;;;;;
2023/04/05;0800 UTC;;;;;;;;;;;;;;;;;;
2023/04/05;0900 UTC;;;;;;;;;;;;;;;;;;
2023/04/05;1000 UTC;;;;;;;;;;;;;;;;;;
2023/04/05;1100 UTC;;;;;;;;;;;;;;;;;;
2023/04/05;1200 UTC;;;;;;;;;;;;;;;;;;
2023/04/05;1300 UTC;;;;;;;;;;;;;;;;;;
2023/04/05;1400 UTC;;;;;;;;;;;;;;;;;;
2023/04/05;1500 UTC;0;985,5;;;1304,6;29,6;21,2;;;;;;;61;114;;2,2;
2023/04/05;1600 UTC;0;984,6;985,6;984,6;2611,8;30,3;20,5;30,5;29,2;21,3;19,9;61;55;56;151;5,3;2,2;
2023/04/05;1700 UTC;0;983,6;984,6;983,6;2410,2;31,2;19,9;31,3;30;21,1;19,1;56;51;51;95;5;2,3;
2023/04/05;1800 UTC;0;983,3;983,6;983,3;1795,3;28,7;20,3;31,4;28,7;21,1;19,4;61;50;61;133;7,4;3,8;
2023/04/05;1900 UTC;0;983,5;983,5;983,1;1279,3;28,4;20,4;29,3;28,4;21,4;20,1;63;60;62;129;7,5;3,5;
2023/04/05;2000 UTC;0;983,9;983,9;983,4;766,8;26,2;20,7;28,7;26,1;21,1;20,2;72;62;72;92;8,3;3,4;
2023/04/05;2100 UTC;0;984,7;984,7;983,9;108,1;25,6;20,3;26,2;25,6;20,7;20;72;69;72;105;8,2;4;
2023/04/05;2200 UTC;0;985,2;985,2;984,7;;24,8;20,5;25,6;24,8;20,5;20,1;77;72;77;106;8,1;3,4;
2023/04/05;2300 UTC;0;986,1;986,1;985,2;;24,6;21,3;24,8;24,6;21,3;20,5;82;77;82;114;6,3;2,6;
2023/04/06;0000 UTC;0;987;987;986,1;;24,5;22;24,6;24,5;22;21,3;86;82;86;108;5,1;2,4;
2023/04/06;0100 UTC;0;987,1;987,3;986,9;;24;22,9;24,5;24;22,9;22,1;94;86;94;109;4,5;1,5;
2023/04/06;0200 UTC;0;987,1;987,2;987;;23,8;23,8;24;23,8;23,9;22,9;100;94;100;127;3,5;1,6;
2023/04/06;0300 UTC;0;986,6;987,1;986,6;;23,4;;23,8;23,4;;;;;;120;3,9;1,7;
2023/04/06;0400 UTC;0;986,1;986,6;986,1;;22,8;;23,4;22,8;;;;;;106;3;,7;
2023/04/06;0500 UTC;0;985,6;986,1;985,5;;22,5;;22,8;22,5;;;;;;85;2,1;1,1;
2023/04/06;0600 UTC;0;985,3;985,6;985,3;;21,9;;22,5;21,9;;;;;;56;2,2;,6;
2023/04/06;0700 UTC;0;985,3;985,4;985,2;;21,3;;21,9;21,2;;;;;;218;,9;,6;
2023/04/06;0800 UTC;0;985,5;985,5;985,2;;20,9;;21,3;20,8;;;;;;310;,9;,4;
2023/04/06;0900 UTC;0;986;986;985,5;6,3;20,7;;20,9;20,4;;;;;;314;1;,5;
2023/04/06;1000 UTC;0;986,7;986,7;986;238,2;22,4;;22,4;20,7;;;;;;337;,9;,3;
2023/04/06;1100 UTC;0;986,8;986,9;986,7;1333,5;25,8;;25,8;22,4;;;;;;103;4,9;1,7;
2023/04/06;1200 UTC;0;987,3;987,3;986,8;1933,5;27,2;25,8;27,2;25,5;;;;;92;136;6,3;2,9;
2023/04/06;1300 UTC;0;987,3;987,4;987,2;2892,6;29;22,8;29,3;27,2;26,7;22,8;94;69;69;84;6,8;3,3;
2023/04/06;1400 UTC;0;986,6;987,3;986,6;2913,9;29;20,9;29,8;28,1;23,4;20,4;70;61;62;96;7,6;3,9;
2023/04/06;1500 UTC;0;986;986,6;985,9;2342,8;29,1;19,9;30,3;29;21,6;19,7;62;56;58;115;6,9;3;
2023/04/06;1600 UTC;0;985,5;986;985,5;1605,2;27,1;19,9;30,6;27,1;21,2;19,5;65;56;65;95;7,7;4,5;
2023/04/06;1700 UTC;0;985;985,5;985;990,3;26,9;20,3;27,3;26,3;20,8;19,4;68;65;67;102;8;3,1;
2023/04/06;1800 UTC;0;984,5;985;984,5;832;25,7;20,8;27,5;25,3;21,2;19,8;75;67;75;185;6,5;1,6;
2023/04/06;1900 UTC;0;984;984,5;984;836,1;26,6;21,5;27,3;25,7;22,1;20,9;75;72;74;138;4,1;2,3;
2023/04/06;2000 UTC;0;984,2;984,2;984;470,8;26,8;21,5;26,9;26,5;21,8;21,5;75;73;73;148;4,1;1,8;
2023/04/06;2100 UTC;0;984,7;984,7;984,2;137,5;25,9;21,2;26,8;25,9;21,5;21,2;75;73;75;139;4;2,1;
2023/04/06;2200 UTC;0;985,6;985,6;984,7;;25,4;20,7;26;25,4;21,2;20,6;75;74;75;127;5,3;1,9;
2023/04/06;2300 UTC;0;986,5;986,5;985,6;;24,6;20,6;25,4;24,6;20,7;20,6;79;75;79;131;3,7;1,4;
2023/04/07;0000 UTC;0;986,9;986,9;986,5;;24,2;21;24,6;24,2;21;20,6;82;79;82;113;4,3;2;
2023/04/07;0100 UTC;0;987,3;987,3;986,9;;23,6;21,3;24,2;23,6;21,6;21;87;82;87;73;3,7;1;
2023/04/07;0200 UTC;0;987;987,3;986,9;;23,3;22,2;23,6;23,3;22,2;21,3;94;87;94;131;2,5;1;
2023/04/07;0300 UTC;0;986,8;987;986,8;;23;;23,4;23;23,2;22,2;100;94;;108;3,3;,9;
2023/04/07;0400 UTC;0;986,2;986,8;986,2;;22,6;;23;22,2;;;;;;102;1,7;,9;
2023/04/07;0500 UTC;0;985,7;986,2;985,7;;22,7;;22,7;22,5;;;;;;131;2,4;1;
2023/04/07;0600 UTC;0;985,5;985,8;985,5;;22,8;;22,8;22,7;;;;;;144;2,3;1,1;
2023/04/07;0700 UTC;0;985,5;985,7;985,4;;22,4;;22,8;22,4;;;;;;250;1,8;,3;
2023/04/07;0800 UTC;0;985,7;985,7;985,5;;21,8;;22,5;21,8;;;;;;104;1,9;,3;
2023/04/07;0900 UTC;0;986,5;986,5;985,7;3,9;21,6;;22,3;21,6;;;;;;264;1,8;,7;
2023/04/07;1000 UTC;0;987;987,1;986,5;233,3;23,1;;23,3;21,5;;;;;;194;1,8;,7;
2023/04/07;1100 UTC;0;987,7;987,7;987;734,2;24,7;;24,9;23,1;;;;;;140;3,1;1,4;
2023/04/07;1200 UTC;0;988,5;988,5;987,7;1171,4;26,3;;26,3;24,7;;;;;;83;4,3;1,3;
2023/04/07;1300 UTC;0;988,3;988,6;988,3;1628,1;27,7;25,1;28,4;26,2;27,5;25,1;100;85;86;79;4,4;1,6;
2023/04/07;1400 UTC;0;987,6;988,3;987,6;1706,8;28,4;23,8;29,1;27,3;25,3;23,6;87;75;76;113;5,6;2,1;
2023/04/07;1500 UTC;0;987;987,6;986,9;1418,2;27,1;22,4;29,2;27,1;24,2;22,4;77;69;76;137;7;3,4;
2023/04/07;1600 UTC;0;985,7;987;985,7;2769,6;29,5;23;30,2;26,6;24,3;22,4;82;67;68;168;7;2,8;
2023/04/07;1700 UTC;0;984,8;985,7;984,8;2598,9;30,4;22;30,6;29,6;23,3;21,7;68;61;61;157;6,2;3,2;
2023/04/07;1800 UTC;0;984,4;984,9;984,4;2175,7;30,8;21,7;31,3;30;22,3;21,3;61;58;58;145;6,2;2,5;
2023/04/07;1900 UTC;0;984,6;984,6;984,4;922,7;29;22;30,8;28,7;22;20,9;66;57;66;152;7,8;3,9;
2023/04/07;2000 UTC;0;984,8;984,8;984,6;729,4;27,9;22,3;29,2;27,9;22,3;21,3;71;65;71;135;8,1;3,3;
2023/04/07;2100 UTC;0;985,1;985,1;984,7;135,2;26,8;22;28,1;26,8;22,5;21,9;75;71;75;140;7,5;3,1;
2023/04/07;2200 UTC;0;985,5;985,5;985,1;;26,1;21,8;26,8;26,1;22;21,8;77;75;77;117;7,4;2,5;
2023/04/07;2300 UTC;0;986,1;986,1;985,5;;25,2;21,8;26,1;25,2;21,9;21,7;82;77;82;126;5,9;1,9;
2023/04/08;0000 UTC;0;986,8;986,8;986,1;;24,6;22,2;25,2;24,6;22,2;21,8;87;82;87;126;5,2;2,1;
2023/04/08;0100 UTC;0;987,2;987,2;986,8;;24,3;23,1;24,6;24,3;23,1;22,2;93;87;93;121;4,3;1,9;
2023/04/08;0200 UTC;0;987,4;987,4;987,2;;23,8;23,8;24,3;23,8;23,9;23,1;100;93;100;117;3,9;1,2;
2023/04/08;0300 UTC;0;987,3;987,5;987,3;;23,6;;23,8;23,5;;;;;;142;2,7;1,2;
2023/04/08;0400 UTC;0;987;987,3;987;;23,5;;23,7;23,5;;;;;;183;2,6;1,1;
2023/04/08;0500 UTC;0;986,5;987;986,5;;23,8;;23,9;23,4;;;;;;187;2,5;1,1;
2023/04/08;0600 UTC;0;986,1;986,5;986,1;;23,6;;23,8;23,5;;;;;;192;2,7;1;
2023/04/08;0700 UTC;0;986,1;986,2;986;;23,1;;23,6;22,9;;;;;;191;2,2;1,4;
2023/04/08;0800 UTC;0;985,9;986,1;985,9;;23,1;;23,2;23,1;;;;;;218;3,3;1,2;
2023/04/08;0900 UTC;0;986,6;986,6;985,9;2;23;;23,1;22,8;;;;;;208;3,7;1,1;
2023/04/08;1000 UTC;0;987,4;987,4;986,6;269,8;23,7;;23,7;23;;;;;;187;4;2,1;
2023/04/08;1100 UTC;0;987,8;987,9;987,4;748,2;24,8;;24,8;23,7;;;;;;162;4;1,6;
2023/04/08;1200 UTC;0;988;988;987,7;1901,9;27,1;;27,3;24,8;;;;;;138;4,7;2,2;
2023/04/08;1300 UTC;0;987,8;988,1;987,8;2310,1;28,3;25,3;28,6;27,1;27,7;25,1;100;84;84;168;5,2;1,9;
2023/04/08;1400 UTC;0;987,4;987,8;987,4;1730,6;29,6;24,6;29,8;28;25,6;24,2;86;75;75;140;4,7;2,1;
2023/04/08;1500 UTC;0;986,5;987,4;986,5;3014;30,7;23,6;31;29;25;23;76;66;66;126;5,2;1,8;
2023/04/08;1600 UTC;0;986,1;986,5;986,1;2489,2;29,4;22,2;30,8;29,4;23,6;22,2;67;64;65;153;6,7;3,4;
2023/04/08;1700 UTC;0;985,2;986,1;985,2;2168,1;31,3;24,1;31,3;29,3;24,1;22,1;68;64;66;119;7,4;2,9;
2023/04/08;1800 UTC;0;984,9;985,4;984,8;1134,2;27,5;23;31,3;27,3;23,9;22,4;78;66;77;126;8;3,3;
2023/04/08;1900 UTC;0;984,8;984,9;984,7;851,4;27;22,3;27,8;27;23,2;22,3;77;75;75;141;7,3;3,9;
2023/04/08;2000 UTC;0;985;985;984,8;484,5;26,4;22,4;27,2;26,4;23;22,2;79;75;79;127;8,1;3,6;
2023/04/08;2100 UTC;0;985,6;985,6;985;76,6;25,4;22,8;26,4;25,4;22,8;22,3;85;79;85;127;9,3;3,5;
2023/04/08;2200 UTC;0;986,2;986,2;985,6;;24,8;23,7;25,5;24,8;23,7;22,7;94;85;94;102;8,1;3,4;
2023/04/08;2300 UTC;0;986,6;986,6;986;;24,3;;24,8;24,3;24,5;23,8;100;94;;99;6;2,6;
2023/04/09;0000 UTC;0;987,4;987,4;986,6;;24,2;;24,3;24,1;;;;;;89;5,5;2,9;
2023/04/09;0100 UTC;0;988,1;988,1;987,4;;24,1;;24,2;24,1;;;;;;81;5,5;1,8;
2023/04/09;0200 UTC;0;988;988,2;988;;24;;24,1;23,9;;;;;;101;3,2;1,1;
2023/04/09;0300 UTC;0;988;988,1;987,8;;23,6;;24;23,6;;;;;;102;2,6;1,4;
2023/04/09;0400 UTC;0;987,7;988,1;987,7;;23,1;;23,6;23;;;;;;132;2,4;,9;
2023/04/09;0500 UTC;0;987,3;987,7;987,3;;22,6;;23,2;22,4;;;;;;10;1,4;,4;
2023/04/09;0600 UTC;0;987,1;987,3;987,1;;22,2;;22,6;22,2;;;;;;63;,7;,5;
2023/04/09;0700 UTC;0;986,8;987,1;986,8;;23,1;;23,1;22,3;;;;;;26;1,6;,8;
2023/04/09;0800 UTC;0;986,8;987;986,7;;23;;23,1;22,9;;;;;;118;1,6;1,1;
2023/04/09;0900 UTC;0;987,1;987,1;986,8;6,7;22,6;;23;22,4;;;;;;111;1,8;1,1;
2023/04/09;1000 UTC;0;988;988;987,1;366,9;24;;24,1;22,6;;;;;;66;1,6;,9;
2023/04/09;1100 UTC;0;988,5;988,6;988;1061,9;25,6;;25,7;24,1;;;;;;76;4,1;2,6;
2023/04/09;1200 UTC;0;989,1;989,1;988,5;1816,9;27,6;27,6;27,6;25,6;;;;;100;57;5,3;3;
2023/04/09;1300 UTC;0;989,1;989,1;989;2385,4;28,4;28,4;28,6;27,2;28,4;25,8;100;87;100;48;5,9;2,6;
2023/04/09;1400 UTC;0;988,6;989,1;988,6;3044,4;29,7;25,8;30,3;28,4;29,4;25,8;100;79;80;56;5,5;2,5;
2023/04/09;1500 UTC;0;987,6;988,6;987,6;2610,7;30,1;23,9;30,5;29,5;26,4;23,8;81;69;70;84;4,8;1,9;
2023/04/09;1600 UTC;0;987;987,6;987;2449,9;31,4;23,3;31,4;30;24,6;22,9;70;62;63;92;4,5;1,1;
2023/04/09;1700 UTC;0;986,2;987;986,2;1923,2;31,1;21,6;31,4;30,6;23;21,6;62;57;57;91;3,3;1,1;
2023/04/09;1800 UTC;0;985,4;986,2;985,4;1145;30,6;20,9;31,6;30,6;22;20,9;57;56;56;154;3,1;1,6;
2023/04/09;1900 UTC;0;985,5;985,5;985,3;387,4;28,7;21,5;30,6;28,6;21,5;20,6;65;56;65;221;6,6;1,6;
2023/04/09;2000 UTC;0;985,2;985,6;985,2;397,3;28,1;22,8;28,9;26,9;23,1;20,4;74;65;73;130;5;2,3;
2023/04/09;2100 UTC;0;985,3;985,4;985,1;100,2;27,2;23,2;28,1;27,2;23,2;22,8;79;73;79;111;5,4;3,2;
2023/04/09;2200 UTC;;;;;;;;;;;;;;;;;;
2023/04/09;2300 UTC;0;986,1;986,1;985,5;;25,5;22,4;26,2;25,4;22,4;22,4;83;80;83;108;5,3;2,4;
2023/04/10;0000 UTC;0;987;987;986,1;;24,6;22,2;25,5;24,6;22,4;22,2;86;83;86;96;5,3;1,9;
2023/04/10;0100 UTC;0;987,5;987,5;987;;24;22,7;24,6;24;22,7;22,2;92;86;92;95;4;1,8;
2023/04/10;0200 UTC;0;987,9;988;987,5;;23,7;23,6;24;23,7;23,6;22,7;100;92;100;91;3,7;1,6;
2023/04/10;0300 UTC;0;987,9;988;987,7;;23,2;;23,7;23,2;;;;;;71;2,9;,8;
2023/04/10;0400 UTC;0;987,5;987,9;987,5;;22,9;;23,3;22,9;;;;;;63;1,4;,7;
2023/04/10;0500 UTC;0;987;987,5;987;;22,3;;22,9;22,2;;;;;;81;1,4;,6;
2023/04/10;0600 UTC;0;987;987;986,9;;21,7;;22,6;21,7;;;;;;154;1,2;,6;
2023/04/10;0700 UTC;0;986,9;987;986,7;;21,7;;22;21,6;;;;;;252;1;,7;
2023/04/10;0800 UTC;0;987,3;987,3;986,9;;22,1;;22,2;21,7;;;;;;287;1,1;,4;
2023/04/10;0900 UTC;0;988,2;988,2;987,3;2,8;21,5;;22,1;21,2;;;;;;274;1,2;,5;
2023/04/10;1000 UTC;0;988,6;988,7;988,2;171,9;22,8;;22,9;21,5;;;;;;309;,8;,2;
2023/04/10;1100 UTC;0;989,1;989,2;988,6;1237,6;25,1;;25,4;22,8;;;;;;23;3,6;1,9;
2023/04/10;1200 UTC;0;989,4;989,5;989,1;1720,4;27,1;;27,3;25,1;;;;;;29;4,5;2,4;
2023/04/10;1300 UTC;0;989,3;989,5;989,3;2295,3;28,4;25,4;28,7;27,1;28,1;25;100;84;84;304;4,5;1;
2023/04/10;1400 UTC;0;988,6;989,3;988,6;2164,3;29,3;;29,7;28,3;;;100;79;;162;3,6;,8;
2023/04/10;1500 UTC;0;987,9;988,6;987,9;1834,9;30,2;29,6;30,2;28,8;;;;;97;81;3,4;1,9;
2023/04/10;1600 UTC;0;986,8;987,9;986,8;2839,7;30,8;26;31,4;29,8;30,2;26;98;76;76;173;5,6;1,6;
2023/04/10;1700 UTC;0;986,1;986,8;986,1;1405,2;30,3;23,1;31,5;30,3;25,9;23,1;76;65;65;123;4,1;2,5;
2023/04/10;1800 UTC;0;985,6;986,1;985,6;1753,8;31,5;22,8;32,3;30,3;24,4;21,9;65;60;60;132;6;2,5;
2023/04/10;1900 UTC;0;985,4;985,6;985,4;963,4;29,3;20,9;31,8;29,3;22,9;20,9;61;58;61;122;7;2,5;
2023/04/10;2000 UTC;0;985,9;985,9;985,3;569,1;29,2;20,6;30,3;29,2;21,8;20,6;61;60;60;121;6,6;3,5;
2023/04/10;2100 UTC;0;986,4;986,4;985,9;81,8;27,6;20,5;29,2;27,6;20,6;20,3;65;60;65;132;7,2;3,2;
2023/04/10;2200 UTC;0;987,2;987,2;986,4;;26,5;20,5;27,6;26,5;20,7;20,5;70;65;70;126;6,8;3,3;
2023/04/10;2300 UTC;0;988,3;988,3;987,2;;25,7;20,3;26,5;25,7;20,5;20,3;72;70;72;122;8;3,1;
2023/04/11;0000 UTC;0;989;989;988,3;;24,7;20;25,7;24,7;20,3;20;75;72;75;126;6,4;2,4;
2023/04/11;0100 UTC;0;989,3;989,3;989;;24,4;20,4;24,7;24,4;20,4;20;78;75;78;124;5,5;2,2;
2023/04/11;0200 UTC;0;989,3;989,3;989,1;;23,7;20,5;24,4;23,7;20,5;20,3;82;78;82;107;4,2;1,2;
2023/04/11;0300 UTC;0;988,7;989,3;988,7;;23,1;20,7;23,7;23,1;20,7;20,4;86;82;86;114;3;1,1;
2023/04/11;0400 UTC;0;987,8;988,7;987,8;;22,8;21,2;23,1;22,8;21,2;20,7;91;86;91;116;2,7;1,1;
2023/04/11;0500 UTC;0;987,5;987,8;987,5;;21,8;21,2;22,8;21,8;21,5;21;96;91;96;75;2,4;,5;
2023/04/11;0600 UTC;0;987,8;987,8;987,5;;21,3;;22;21,2;21,9;21;100;96;;21;1,8;,7;
2023/04/11;0700 UTC;0;987,6;987,9;987,6;;20,6;;21,5;20,6;;;;;;308;1,2;,4;
2023/04/11;0800 UTC;0;987,4;987,7;987,4;;20,3;;21,1;20,2;;;;;;284;,8;,4;
2023/04/11;0900 UTC;0;987,7;987,7;987,4;5,3;20,2;;20,9;20,1;;;;;;269;1,2;,4;
2023/04/11;1000 UTC;0;988,1;988,1;987,7;240;22,6;;22,6;20,2;;;;;;200;,9;,2;
2023/04/11;1100 UTC;0;988,4;988,4;988,1;627,1;24,3;;24,3;22,5;;;;;;241;1,3;,6;
2023/04/11;1200 UTC;0;988,7;988,7;988,4;1251;25,7;;25,7;24,2;;;;;;268;2,6;,7;
2023/04/11;1300 UTC;0;988,7;988,8;988,6;1736,4;27,1;27,1;27,4;25,6;;;;;100;125;4;1,5;
2023/04/11;1400 UTC;0;988,1;988,6;988,1;1604;28,8;26,1;28,8;27,1;27,5;25,5;100;85;85;47;4,5;1,5;
2023/04/11;1500 UTC;0;987,2;988,1;987,2;1964,5;29,3;23,4;29,5;28,6;26,2;23,4;85;70;70;73;5,1;2,4;
2023/04/11;1600 UTC;0;986,3;987,2;986,3;2469,2;30,5;21,7;31,2;29,2;24,1;21,7;70;60;60;136;5,1;2,1;
2023/04/11;1700 UTC;0;985,4;986,3;985,4;2521,8;30,8;19,3;32,1;29,8;21,8;19,2;60;50;51;137;5,7;2,2;
2023/04/11;1800 UTC;0;984,9;985,4;984,9;2135,5;31,7;18;32,3;30,4;20,3;17,8;51;44;44;72;6,1;3;
2023/04/11;1900 UTC;0;984,8;984,9;984,8;1218,9;30,3;17,6;32,3;30,3;18,4;17;47;43;47;110;6,1;2,9;
2023/04/11;2000 UTC;0;985,3;985,3;984,8;463,2;28,5;19,2;30,4;28,5;19,2;17,7;57;47;57;132;7,2;3,4;
2023/04/11;2100 UTC;0;985,9;985,9;985,3;82;27;19,6;28,5;27;19,6;19,1;64;57;64;132;8;3,3;
2023/04/11;2200 UTC;0;986,7;986,7;985,9;;26,2;19,4;27;26,2;19,7;19,4;66;64;66;117;7,5;3,5;
2023/04/11;2300 UTC;0;987,6;987,6;986,7;;25,4;19,5;26,2;25,4;19,6;19,3;70;66;70;105;6,6;3,1;
2023/04/12;0000 UTC;0;988;988,2;987,6;;24,7;19,6;25,4;24,7;19,7;19,5;73;70;73;100;6,4;3,1;
2023/04/12;0100 UTC;0;987,8;988,1;987,8;;24;19,8;24,7;24;19,8;19,6;77;73;77;90;6;2,3;
2023/04/12;0200 UTC;0;987,6;987,8;987,6;;23,5;20,2;24;23,5;20,2;19,8;82;77;82;96;5,3;1,5;
2023/04/12;0300 UTC;0;987,3;987,6;987,3;;23,1;20,7;23,6;23,1;20,7;20,3;86;82;86;126;2,9;1,2;
2023/04/12;0400 UTC;0;986,9;987,4;986,9;;22,9;21,4;23,3;22,9;21,4;20,8;91;86;91;130;3;1,3;
2023/04/12;0500 UTC;0;986,5;986,9;986,5;;22,5;22,1;22,9;22,4;22,1;21,3;97;91;97;118;2,7;1,2;
2023/04/12;0600 UTC;0;986,7;986,7;986,4;;22,3;;22,6;22,3;;;;;;61;3,1;,4;
2023/04/12;0700 UTC;0;986,8;986,9;986,7;;21,9;;22,3;21,7;;;;;;13;1,3;,5;
2023/04/12;0800 UTC;0;987,2;987,2;986,8;;22,1;;22,1;21,8;;;;;;271;1,5;1,1;
2023/04/12;0900 UTC;0;987,7;987,7;987,2;7,9;22,2;;22,2;22;;;;;;244;1,7;,9;
2023/04/12;1000 UTC;0;988,3;988,4;987,7;424,8;23,8;;23,8;22,2;;;;;;250;2,7;1,3;
2023/04/12;1100 UTC;0;988,6;988,6;988,3;1056,1;24,9;;25,2;23,8;;;;;;177;3;1,1;
2023/04/12;1200 UTC;0;988,9;988,9;988,6;779,3;26;;26;24,9;;;;;;253;2,9;1,3;
2023/04/12;1300 UTC;0;988,6;988,9;988,6;1890,2;28,7;28,4;28,7;26;;;;;98;98;3,4;1,5;
2023/04/12;1400 UTC;0;987,9;988,6;987,9;2867,3;29,8;26,2;30,2;28;28,5;26;98;81;81;63;4,4;1,7;
2023/04/12;1500 UTC;0;986,9;987,9;986,9;2527;30;23,9;30,8;28,8;26,5;23,7;82;70;70;75;6,4;2,6;
2023/04/12;1600 UTC;0;985,5;986,9;985,5;3094,3;31,6;22,9;32;29,9;24,7;22,7;70;60;60;115;5,9;2,5;
2023/04/12;1700 UTC;0;984,8;985,5;984,8;2177,6;32;21,8;32,7;30,3;23,1;20,6;60;55;55;132;6,7;2,8;
2023/04/12;1800 UTC;0;984,5;984,9;984,5;1857,4;30,4;20,8;32,1;30;21,9;20,2;57;54;57;134;8;3,4;
2023/04/12;1900 UTC;0;984,8;984,8;984,5;1435,8;29,8;20,9;31,2;29,2;21,5;19,8;59;56;59;138;8,7;4,6;
2023/04/12;2000 UTC;0;985,2;985,2;984,8;554,9;28;20,4;29,8;28;20,9;20,1;64;59;64;132;8,6;3,9;
2023/04/12;2100 UTC;0;985,5;985,5;985,2;78,8;26,7;20,5;28;26,7;20,6;20,3;69;64;69;133;7,9;3,9;
2023/04/12;2200 UTC;0;985,8;985,8;985,4;;25,7;19,5;26,7;25,7;20,5;19,5;70;69;69;116;8,1;3,4;
2023/04/12;2300 UTC;0;986,3;986,3;985,8;;24,2;18,8;25,7;24,2;19,5;18,7;72;69;72;105;5,8;2;
2023/04/13;0000 UTC;0;986,8;986,8;986,3;;23,6;19;24,2;23,6;19;18,8;76;72;76;96;5,9;2,2;
2023/04/13;0100 UTC;0;986,9;986,9;986,7;;23,1;19,5;23,6;23,1;19,5;19,1;80;76;80;106;5,4;2;
2023/04/13;0200 UTC;0;986,9;987;986,9;;22,4;19,7;23,1;22,4;19,8;19,4;85;80;85;103;4,4;1,6;
2023/04/13;0300 UTC;0;986,8;986,9;986,8;;21,4;19,5;22,4;21,4;20;19,5;89;85;89;75;2,4;,7;
2023/04/13;0400 UTC;0;986,2;986,8;986,2;;20,9;20,2;21,5;20,9;20,3;19,5;96;89;96;72;1,6;,6;
2023/04/13;0500 UTC;0;985,8;986,2;985,8;;20,4;;21,1;20,3;;;;;;94;1,5;,7;
2023/04/13;0600 UTC;0;985,8;985,8;985,7;;19,9;;20,4;19,4;;;;;;278;1,1;,8;
2023/04/13;0700 UTC;0;985,9;985,9;985,8;;19,4;;19,9;19,2;;;;;;289;1,4;,5;
2023/04/13;0800 UTC;0;986,1;986,1;985,9;;19,1;;19,4;18,9;;;;;;258;,9;,4;
2023/04/13;0900 UTC;0;986,7;986,7;986,1;5;19,2;;19,4;18,8;;;;;;259;,7;,5;
2023/04/13;1000 UTC;0;987,3;987,3;986,7;390,2;22,5;;22,5;19,1;;;;;;229;1,4;,6;
2023/04/13;1100 UTC;0;987,5;987,6;987,3;1266;25,1;;25,1;22,5;;;;;;232;2,5;1;
2023/04/13;1200 UTC;0;987,8;987,9;987,5;1800,9;26,7;;26,8;24,9;;;;;;116;4,9;1,9;
2023/04/13;1300 UTC;0;987,5;987,9;987,5;2232,2;29;27,2;29;26,4;28,1;26,5;100;89;90;77;5,8;3,1;
2023/04/13;1400 UTC;0;986,5;987,5;986,5;2308,7;29,1;24,2;30;27,9;26,9;24,2;90;75;75;86;5,4;2,7;
2023/04/13;1500 UTC;0;985;986,5;985;2569,8;30;22,2;31;28,6;24,9;22,1;76;63;63;123;5,6;2,2;
2023/04/13;1600 UTC;0;984;985;984;2220,3;30,1;20,1;31,3;29,9;23;20,1;63;55;55;133;8,7;3,6;
2023/04/13;1700 UTC;0;983,4;984;983,4;1233,8;29,1;19,6;30,5;29,1;20,6;19,4;57;55;57;120;6,9;2,8;
2023/04/13;1800 UTC;0;983,5;983,5;983,4;1165,7;28,2;19,7;29,5;28,1;20,1;19,4;60;57;60;125;9;4,2;
2023/04/13;1900 UTC;0;983,9;983,9;983,4;714,5;27,4;19,8;28,2;27,4;20;19,4;63;60;63;133;9;3,8;
2023/04/13;2000 UTC;0;985;985;983,9;164,3;24;18,9;27,4;24;19,9;18,5;73;63;73;118;9;2,6;
2023/04/13;2100 UTC;,8;985,2;985,2;984,9;17,4;23,8;21;24;23,6;21;19;85;73;85;154;4,9;,2;
2023/04/13;2200 UTC;0;985,5;985,5;985,2;;24,1;22,9;24,1;23,8;22,9;21;93;85;93;130;1,6;,8;
2023/04/13;2300 UTC;2,4;986,2;986,2;985,5;;23,7;;24,2;23,3;23,5;22,5;100;93;;71;5,8;,9;
2023/04/14;0000 UTC;0;986,7;986,7;986,2;;23,7;;23,8;23,6;;;;;;93;3,1;1,5;
2023/04/14;0100 UTC;0;986,8;986,9;986,7;,4;23;;23,7;23;;;;;;94;5,1;2,1;
2023/04/14;0200 UTC;0;986,8;986,8;986,7;;23;;23,1;23;;;;;;87;3,8;1,8;
2023/04/14;0300 UTC;0;986,5;986,8;986,4;;23;;23,1;23;;;;;;99;3,3;1,2;
2023/04/14;0400 UTC;0;986;986,5;986;;22,9;;23,1;22,9;;;;;;156;2,9;,7;
2023/04/14;0500 UTC;0;985,5;986;985,3;;22,2;;23;22,2;;;;;;257;1,3;,6;
2023/04/14;0600 UTC;0;985,4;985,6;985,4;;22,6;;22,7;21,9;;;;;;330;1,3;,2;
2023/04/14;0700 UTC;0;985,4;985,6;985,4;;22,5;;22,7;22,5;;;;;;50;,8;,2;
2023/04/14;0800 UTC;0;985,9;985,9;985,4;;22,2;;22,5;22,1;;;;;;263;,8;,3;
2023/04/14;0900 UTC;0;986,5;986,5;985,9;8,9;21,5;;22,2;21,2;;;;;;311;,8;,3;
2023/04/14;1000 UTC;0;987,4;987,4;986,5;446;23,6;;23,6;21,5;;;;;;86;1,4;,7;
2023/04/14;1100 UTC;0;988,1;988,1;987,4;1448,4;25,7;;25,7;23,5;;;;;;66;3,9;2,2;
2023/04/14;1200 UTC;0;988,4;988,4;988;2277,6;26,4;;26,9;25,5;;;;;;64;5,9;2,9;
2023/04/14;1300 UTC;0;988,4;988,6;988,4;2725;28;27;28,1;26,4;;;;;95;42;6,3;3,4;
2023/04/14;1400 UTC;0;987,7;988,5;987,7;2942,2;28,1;24,3;29,8;27,8;27,5;24,2;96;79;80;70;6,3;2,4;
2023/04/14;1500 UTC;0;986,8;987,7;986,8;3089,3;30,3;23,5;30,6;28;25,5;23,5;81;67;67;95;5,9;2,5;
2023/04/14;1600 UTC;0;985,9;986,8;985,9;2035,4;30,3;21,7;30,6;29;23,6;20,5;67;60;60;116;6,3;2,8;
2023/04/14;1700 UTC;0;985,3;985,9;985,3;2249,2;30,4;19,7;31,4;29,5;21,8;19,2;60;53;53;95;6,3;2,3;
2023/04/14;1800 UTC;0;984,9;985,3;984,9;2042,6;30,6;18;31,2;30,3;20,3;18;53;47;47;137;6,2;2,9;
2023/04/14;1900 UTC;0;984,9;985;984,9;1396,7;30,6;16,5;30,8;30,3;18,1;16,4;47;43;43;130;5,7;2,6;
2023/04/14;2000 UTC;0;985,2;985,2;984,9;644,5;29,6;15,6;30,7;29,6;16,7;15,5;43;42;43;116;5,8;1,9;
2023/04/14;2100 UTC;0;985,4;985,4;985,1;64;27,4;17,1;29,6;27,4;17,1;15,3;53;43;53;124;5,1;2,4;
2023/04/14;2200 UTC;0;985,7;985,7;985,4;;26,3;18,3;27,4;26,3;18,3;17,2;61;53;61;125;5,6;2,7;
2023/04/14;2300 UTC;0;986,5;986,5;985,7;;25,1;18,5;26,3;25,1;18,5;18,3;67;61;67;106;5,6;2,5;
2023/04/15;0000 UTC;0;987,4;987,4;986,5;;24,2;18,7;25,1;24,2;18,7;18,4;72;67;72;100;4,7;1,8;
2023/04/15;0100 UTC;0;987,7;987,7;987,4;;23,4;18,9;24,2;23,4;19;18,7;76;72;76;83;4;2;
2023/04/15;0200 UTC;0;987,4;987,7;987,4;;22,7;19,3;23,4;22,7;19,3;18,9;81;76;81;86;3,9;1,6;
2023/04/15;0300 UTC;0;987,1;987,4;987,1;;22,1;19,9;22,7;22;19,9;19,3;87;81;87;94;3,2;1,8;
2023/04/15;0400 UTC;0;986,5;987,1;986,5;;21;19,8;22,1;21;20,3;19,8;93;87;93;73;2,9;,6;
2023/04/15;0500 UTC;0;986;986,5;986;;20,7;20,7;21;20,6;20,7;19,7;100;93;100;62;1,6;,9;
2023/04/15;0600 UTC;0;986,1;986,1;985,8;;20,6;;20,8;20,2;;;;;;106;1,6;1,1;
2023/04/15;0700 UTC;0;986,4;986,4;986;;19,5;;20,9;19,5;;;;;;351;1,9;,5;
2023/04/15;0800 UTC;0;986,8;986,9;986,3;;18,9;;19,9;18,7;;;;;;357;1;,4;
2023/04/15;0900 UTC;0;987,4;987,4;986,8;5,7;18,4;;18,9;18,2;;;;;;321;,7;,2;
2023/04/15;1000 UTC;0;988,2;988,2;987,4;384,6;21,9;;21,9;18,3;;;;;;308;1,2;,6;
2023/04/15;1100 UTC;0;988,7;988,7;988,2;1329,1;24,8;;24,9;21,9;;;;;;86;2,8;1,3;
2023/04/15;1200 UTC;0;988,6;988,7;988,6;2050,3;26,9;;26,9;24,7;;;;;;55;6,2;2,8;
2023/04/15;1300 UTC;0;988,6;988,7;988,5;2638,2;28,6;28,3;28,6;26;;;;;98;50;6,2;2,7;
2023/04/15;1400 UTC;0;988;988,6;988;3126,3;30;26,7;30,3;28,1;28,8;26,2;98;82;83;79;5,9;2,6;
2023/04/15;1500 UTC;0;986,9;988;986,9;3672,5;31,5;23,9;31,5;29,9;27;23,4;83;64;64;48;5,5;1,8;
2023/04/15;1600 UTC;0;985,8;986,9;985,8;3351,1;31,9;20,4;32,3;30,9;24;19,9;64;51;51;53;6,7;2,9;
2023/04/15;1700 UTC;0;985;985,8;985;2861,2;32,1;18;32,7;31,3;20,3;17,9;51;43;43;78;6,7;2,3;
2023/04/15;1800 UTC;0;984,4;985,1;984,4;2117,3;32,4;16,9;32,8;31,4;18,1;16,4;43;40;40;112;8,7;2,3;
2023/04/15;1900 UTC;0;984,2;984,4;984,2;1526,1;31,7;15,7;32,6;31,7;16,9;15,7;40;38;38;129;5,7;2,8;
2023/04/15;2000 UTC;0;984,5;984,6;984,1;683,6;30,6;14,9;31,7;30,6;15,9;14,9;39;38;39;142;5,7;2,7;
2023/04/15;2100 UTC;0;985,1;985,1;984,5;71,9;28;17,8;30,6;28;17,8;14,9;54;39;54;130;6,8;2,9;
2023/04/15;2200 UTC;0;985,5;985,5;985,1;;26,7;19;28;26,7;19;17,8;63;54;63;129;7,3;3,5;
2023/04/15;2300 UTC;0;986,1;986,1;985,5;;25,3;18,7;26,7;25,3;19,1;18,7;67;63;67;102;7,3;3,2;
2023/04/16;0000 UTC;0;986,6;986,6;986,1;;24,3;18,5;25,3;24,3;18,7;18,5;70;67;70;83;5,8;2,7;
2023/04/16;0100 UTC;0;987,1;987,1;986,6;;23,4;18,4;24,3;23,3;18,5;18,3;74;70;74;77;5,1;1,9;
2023/04/16;0200 UTC;0;986,8;987,1;986,8;;22,4;18,5;23,4;22,4;18,5;18,4;78;74;78;66;3,4;1,5;
2023/04/16;0300 UTC;0;986,4;986,8;986,4;;21,5;18,5;22,4;21,5;18,8;18,4;83;78;83;70;2,3;,8;
2023/04/16;0400 UTC;0;986,3;986,4;986,3;;20,3;18,2;21,5;20,3;18,8;18,1;88;83;88;38;1,5;,3;
2023/04/16;0500 UTC;0;985,8;986,3;985,8;;19,9;18,8;20,8;19,9;19,4;18;93;88;93;342;,9;,3;
2023/04/16;0600 UTC;0;985,8;985,8;985,6;;19,2;19;19,9;19,2;19,2;18,5;99;93;99;314;,8;,3;
2023/04/16;0700 UTC;0;985,7;985,8;985,6;;19,3;;20,2;19,2;;;;;;178;,7;,1;
2023/04/16;0800 UTC;0;985,7;985,7;985,4;;20,8;;21,3;19,3;;;;;;79;1,9;,6;
2023/04/16;0900 UTC;0;985,9;985,9;985,6;4,9;19,6;;20,8;19,3;;;;;;303;1,7;1,1;
2023/04/16;1000 UTC;0;986,5;986,5;985,9;394,2;22,1;;22,1;19,6;;;;;;241;2,2;1,2;
2023/04/16;1100 UTC;0;987,3;987,3;986,5;975,5;22,9;;23;22,1;;;;;;276;2,8;1,2;
2023/04/16;1200 UTC;0;987,7;987,7;987,2;1355,7;24,9;;24,9;22,9;;;;;;18;3,7;1,3;
2023/04/16;1300 UTC;0;987,4;987,8;987,4;2348,5;27,6;;27,7;24,6;;;;;;23;3,4;1,7;
2023/04/16;1400 UTC;0;986,4;987,4;986,4;3017;28,8;26,7;29,2;27,2;28,6;26,6;100;89;89;241;3,7;1,7;
2023/04/16;1500 UTC;0;985,2;986,4;985,2;3377,6;31;25,1;31,1;28,8;27,6;25,1;89;71;71;171;4,7;1,8;
2023/04/16;1600 UTC;0;984,2;985,2;984,2;3237,4;32;22,4;32,3;30,6;25,6;22,4;71;57;57;112;4,7;2;
2023/04/16;1700 UTC;0;983,4;984,2;983,4;2817,8;32,5;19,2;33,4;31,8;22,8;19;57;45;45;174;6,6;3,2;
2023/04/16;1800 UTC;0;983;983,4;982,9;2166,1;32;17,9;32,9;31,8;19,5;17,8;46;43;43;182;6,9;3;
2023/04/16;1900 UTC;0;983;983,1;982,9;1433,4;31,2;17,4;32,4;31,2;18,1;17,4;44;42;44;148;6,5;3,3;
2023/04/16;2000 UTC;0;983,2;983,3;983;637,6;29,8;15,9;31,3;29,8;17,5;15,7;44;42;43;136;6,8;2,7;
2023/04/16;2100 UTC;0;983,7;983,7;983,2;73,2;27,7;16,4;29,8;27,7;16,8;15,9;50;43;50;124;5,5;2,8;
2023/04/16;2200 UTC;0;984,2;984,2;983,7;;26,3;16,1;27,7;26,3;16,3;15,6;53;50;53;136;5,8;2,7;
2023/04/16;2300 UTC;0;985,2;985,2;984,2;;25,3;17,1;26,3;25,3;17,1;16,1;60;53;60;114;6,3;2,9;
2023/04/17;0000 UTC;0;986;986;985,2;;24,2;17,6;25,3;24,2;17,6;17;67;60;67;107;5,4;2,3;
2023/04/17;0100 UTC;0;986,2;986,2;985,9;;22,9;17,7;24,2;22,9;17,7;17,5;72;67;72;83;4,4;1,2;
2023/04/17;0200 UTC;0;986,2;986,3;986,2;;22,2;18;22,9;22,2;18;17,7;77;72;77;57;2,7;1;
2023/04/17;0300 UTC;0;985,5;986,2;985,5;;21,7;18,4;22,2;21,6;18,5;17,8;82;77;82;84;2;,8;
2023/04/17;0400 UTC;0;985;985,5;985;;22,6;20,2;22,6;21,6;20,2;18,4;86;82;86;79;2,2;,7;
2023/04/17;0500 UTC;0;984,8;985;984,8;;22,2;20,1;22,6;22,2;20,4;20,1;88;86;88;46;1,8;,8;
2023/04/17;0600 UTC;0;984,9;984,9;984,8;;22,5;20,8;22,5;22,1;20,8;20,1;90;88;90;2;1,5;,5;
2023/04/17;0700 UTC;0;985;985;984,8;;22,6;21,1;22,7;22,5;21,3;20,8;92;90;92;304;1,1;,6;
2023/04/17;0800 UTC;0;984,5;985;984,5;;22,2;21,3;22,6;22;21,3;20,8;95;92;95;350;2,4;1,3;
2023/04/17;0900 UTC;0;985;985,1;984,5;7,6;21,8;21,5;22,2;21,6;21,7;21;98;95;98;253;2,2;,8;
2023/04/17;1000 UTC;0;985,2;985,2;984,9;433;23,6;23,6;23,6;21,8;23,6;21,5;100;98;100;317;1,7;,8;
2023/04/17;1100 UTC;0;985,2;985,4;985,2;1267,5;25,7;24,2;25,9;23,7;25,3;23,8;100;91;91;19;2;,7;
2023/04/17;1200 UTC;0;985,5;985,6;985,2;2116,1;27,6;24,2;27,9;25,7;25,1;23,9;92;82;82;309;4,8;1,4;
2023/04/17;1300 UTC;0;984,6;985,5;984,6;2441,1;29,2;23,4;29,4;27,5;24,5;22,9;82;71;71;181;4,4;1,9;
2023/04/17;1400 UTC;0;984,1;984,6;984,1;3210,6;30,8;22,8;30,9;29,2;23,9;22,5;71;62;62;156;6;2,5;
2023/04/17;1500 UTC;0;983,2;984,1;983,2;3202,7;31,3;21,5;31,5;29,7;22,9;21,2;62;56;56;182;6,9;3,3;
2023/04/17;1600 UTC;0;982,2;983,2;982,2;2536,6;31,3;21,2;31,7;30;21,8;19,8;56;54;55;164;7,2;2,3;
2023/04/17;1700 UTC;0;981,7;982,3;981,7;1552,1;30,6;19,8;32,2;30,5;21,9;19,4;55;52;52;176;6,3;3,2;
2023/04/17;1800 UTC;0;981,1;981,7;981,1;1968,1;31,3;20,9;32;30,4;21,6;19,6;54;52;54;156;7,5;3,8;
2023/04/17;1900 UTC;0;981;981,1;981;1306,4;30;20,8;31,7;29,6;21,3;19,6;58;53;58;140;9;3,4;
2023/04/17;2000 UTC;0;981,5;981,5;981;509,2;28,2;20,6;30,2;28,1;21,1;20,1;63;58;63;140;8;4;
2023/04/17;2100 UTC;0;981,5;981,7;981,4;63,3;26,8;20;28,2;26,8;20,6;19,9;66;63;66;132;7,6;3,1;
2023/04/17;2200 UTC;0;981,6;981,6;981,5;;25,9;20,2;26,8;25,9;20,2;19,9;71;66;71;144;6,8;2,3;
2023/04/17;2300 UTC;0;982,6;982,6;981,6;;25,3;20,6;25,9;25,3;20,6;20,2;75;71;75;136;5,3;2,3;
2023/04/18;0000 UTC;0;983,1;983,1;982,6;;24,9;21,1;25,3;24,9;21,1;20,6;80;75;80;118;4,9;1,6;
2023/04/18;0100 UTC;0;983,4;983,4;983,1;;24,2;21,4;24,9;24,2;21,4;21,1;84;80;84;70;4,3;1,1;
2023/04/18;0200 UTC;0;983,2;983,4;983,1;;23,6;21,6;24,2;23,6;21,6;21,4;89;84;89;61;2,7;1,1;
2023/04/18;0300 UTC;0;982,9;983,3;982,9;;22,9;22;23,6;22,9;22,2;21,6;95;89;95;73;2,6;,4;
2023/04/18;0400 UTC;0;982,7;982,9;982,7;;22,3;22,3;22,9;22,3;22,8;22;100;95;100;200;1,5;,5;
2023/04/18;0500 UTC;0;982,3;982,7;982,3;;22,7;;22,7;22,2;;;;;;182;2,4;,8;
2023/04/18;0600 UTC;0;982,4;982,4;982,2;;22;;22,9;21,9;;;;;;211;2,4;,3;
2023/04/18;0700 UTC;0;982,7;982,7;982,4;;21,5;;22;21,4;;;;;;279;1,1;,6;
2023/04/18;0800 UTC;0;983,3;983,3;982,7;;22,5;;22,5;21,4;;;;;;29;2,5;1,2;
2023/04/18;0900 UTC;0;983,8;983,8;983,3;7,2;22,6;;22,7;22,5;;;;;;27;2,5;,8;
2023/04/18;1000 UTC;0;984,5;984,5;983,8;418;24,4;;24,4;22,5;;;;;;297;1,8;,7;
2023/04/18;1100 UTC;0;984,9;984,9;984,5;1168,5;26,3;;26,4;24,4;;;;;;220;1,9;,6;
2023/04/18;1200 UTC;0;985,2;985,2;984,9;1597,3;27,9;;27,9;26,2;;;;;;280;2,4;,8;
2023/04/18;1300 UTC;0;985,1;985,3;985,1;1538,2;29,4;28,2;29,4;27,3;28,2;26,9;100;91;93;339;3;1,5;
2023/04/18;1400 UTC;0;984,1;985,1;984,1;2565,8;29,8;24,9;30,5;28,4;28,1;24,9;93;75;75;330;3,5;1,7;
2023/04/18;1500 UTC;0;982,9;984,2;982,9;2653,3;31,3;25;31,6;29,4;26,4;24,4;77;69;69;74;4,8;1,6;
2023/04/18;1600 UTC;0;981,7;982,9;981,7;3320,5;32,2;24,1;33,2;30,9;25,9;24,1;69;62;62;139;4,8;1,5;
2023/04/18;1700 UTC;0;980,5;981,7;980,5;2524,1;33,1;23;33,6;31,8;25,1;22,6;63;55;55;61;3,5;2;
2023/04/18;1800 UTC;0;979,8;980,5;979,8;2437,7;33,9;21,4;34,3;32,8;23;21,1;55;48;48;76;4,7;2,2;
2023/04/18;1900 UTC;0;979,6;979,8;979,6;1140,8;32,5;19,2;33,9;32,5;20,9;19,2;48;45;46;100;5,9;2,3;
2023/04/18;2000 UTC;0;979,7;979,7;979,5;501,4;31,9;19,2;32,7;31,9;19,8;19,2;47;46;47;106;5;2,6;
2023/04/18;2100 UTC;0;980,2;980,2;979,7;85,7;30,5;18,8;32;30,5;19,2;18,7;50;47;50;115;5,1;2,8;
2023/04/18;2200 UTC;0;980,8;980,8;980,2;;28,3;19,5;30,5;28,3;19,5;18,7;59;50;59;108;7,4;3,7;
2023/04/18;2300 UTC;0;981,8;981,8;980,8;;27;20,7;28,3;27;20,7;19,5;68;59;68;84;7,4;2,6;
2023/04/19;0000 UTC;0;982,6;982,6;981,8;;26;21,1;27;26;21,1;20,7;74;68;74;65;5,5;2,9;
2023/04/19;0100 UTC;0;983;983;982,6;;25,3;21,4;26;25,3;21,4;21,1;79;74;79;61;5,5;2,1;
2023/04/19;0200 UTC;0;983,6;983,6;982,9;;24,7;21,6;25,3;24,7;21,6;21,4;83;79;83;71;3,7;1,6;
2023/04/19;0300 UTC;0;983,4;983,7;983,4;;24;21,3;24,7;24;21,6;21,3;85;83;85;69;3,3;1,4;
2023/04/19;0400 UTC;0;982,9;983,4;982,9;;23,4;21,4;24;23,4;21,4;21,2;88;85;88;74;2,5;1,3;
2023/04/19;0500 UTC;0;982,8;983,1;982,7;;23,3;21,9;23,4;22,9;21,9;20,9;92;88;92;57;3,5;2;
2023/04/19;0600 UTC;0;983;983,1;982,8;;23,1;22,4;23,4;23,1;22,5;21,9;96;92;96;28;3,5;1,4;
2023/04/19;0700 UTC;0;983,2;983,3;983;;23;23;23,1;22,7;23;22,5;100;96;100;14;4;2,2;
2023/04/19;0800 UTC;0;983,7;983,8;983,2;;22,8;;23;22,8;;;;;;38;4;,8;
2023/04/19;0900 UTC;0;984,3;984,3;983,7;4,8;21,9;;22,7;21,8;;;;;;70;1,4;,2;
2023/04/19;1000 UTC;0;985,3;985,3;984,3;401,7;24,5;;24,5;21,8;;;;;;11;1,7;,9;
2023/04/19;1100 UTC;0;985,9;986;985,3;1151,2;26,7;;26,8;24,4;;;;;;3;6,6;3,3;
2023/04/19;1200 UTC;0;986,4;986,4;985,9;1882,6;29,9;28,3;29,9;26,7;28,6;27,8;100;91;91;356;6,6;2,8;
2023/04/19;1300 UTC;0;986,3;986,5;986,3;2450,2;32,1;27,5;32,1;29,9;29;26,7;92;77;77;320;8,4;3,6;
2023/04/19;1400 UTC;0;985,6;986,3;985,6;2911,1;33,3;24,9;34,2;31,2;27,8;24,9;77;61;61;302;7,6;3;
2023/04/19;1500 UTC;0;984,5;985,6;984,5;2657,7;34,5;23,1;35,2;32,8;25,2;22,9;61;51;51;283;6,7;2,9;
2023/04/19;1600 UTC;0;983,6;984,5;983,6;3349,4;36,4;21,6;36,4;34,5;23,5;20,7;51;42;42;294;7,4;2,2;
2023/04/19;1700 UTC;0;982,5;983,6;982,5;2748,6;35,7;18,7;37,2;35,6;21,7;18,7;42;37;37;257;6,2;2,3;
2023/04/19;1800 UTC;0;981,7;982,5;981,7;2131,6;37,1;18,6;37,2;35,7;20;18;37;34;34;259;6,2;2;
2023/04/19;1900 UTC;0;981,5;981,7;981,5;1381,8;37;18,1;37,1;35,6;18,5;16,8;34;33;33;241;4,5;,6;
2023/04/19;2000 UTC;0;981,9;981,9;981,5;654,8;34,7;17;37,2;34,6;18,1;16,7;35;32;35;100;6,5;3;
2023/04/19;2100 UTC;0;982,5;982,5;981,9;58,2;32,3;19,8;34,7;32,3;19,8;17,1;48;35;48;123;6,6;3,5;
2023/04/19;2200 UTC;0;983,4;983,4;982,5;;29,9;21,4;32,3;29,9;21,4;19,8;60;48;60;101;8,8;3,7;
2023/04/19;2300 UTC;0;984,2;984,2;983,5;;28,5;22;29,9;28,5;22;21,4;68;60;68;80;7,5;3,5;
2023/04/20;0000 UTC;0;985,1;985,1;984,2;;27,6;22,3;28,5;27,6;22,3;22,1;73;68;73;78;6,9;3,2;
2023/04/20;0100 UTC;0;985,5;985,5;985,1;;26,8;22,3;27,6;26,8;22,4;22,3;76;73;76;60;5,9;2,2;
2023/04/20;0200 UTC;0;985,9;985,9;985,5;;26,1;22,2;26,7;26,1;22,4;22,2;79;76;79;61;5,6;1;
2023/04/20;0300 UTC;0;985,6;986;985,6;;25,5;22,3;26,1;25,5;22,3;21,9;82;79;82;72;3,3;1,7;
2023/04/20;0400 UTC;0;985;985,6;985;;24,9;22,4;25,5;24,9;22,5;22,3;86;82;86;56;3,5;1,6;
2023/04/20;0500 UTC;0;985,3;985,3;984,8;;25;23,1;25;24,6;23,1;22,3;89;86;89;301;3;,7;
2023/04/20;0600 UTC;0;985,1;985,3;985;;25,5;24;25,6;25;24;23,2;91;89;91;341;2,6;1,3;
2023/04/20;0700 UTC;0;985,2;985,3;985,1;;25,6;24,2;25,6;25,5;24,2;24;92;91;92;221;2,2;,4;
2023/04/20;0800 UTC;0;985,3;985,3;985,1;;25,1;24;25,6;25,1;24,2;23,8;94;92;94;60;2;1,1;
2023/04/20;0900 UTC;0;986;986;985,3;4,3;25;24;25,1;25;24,2;24;95;94;94;93;3,1;1,2;
2023/04/20;1000 UTC;0;986,8;986,8;986,1;205,2;25,7;24,3;25,8;25;24,6;24;94;92;92;97;3,2;1,8;
2023/04/20;1100 UTC;0;987,5;987,5;986,8;700,3;26,7;24,5;27,1;25,7;25,4;24,3;93;88;88;81;3,4;1,5;
2023/04/20;1200 UTC;0;987,6;987,8;987,5;1117,1;28,9;25,7;29,3;26,7;26,5;24,4;88;83;83;45;4,4;2,2;
2023/04/20;1300 UTC;0;987,3;987,6;987,3;1847,4;30,5;25,6;30,5;28,6;26,3;25,3;83;75;75;55;4,9;1,7;
2023/04/20;1400 UTC;0;986,4;987,3;986,4;2496;32,8;25,6;33,2;30,5;26,5;25,4;75;66;66;13;4;2,4;
2023/04/20;1500 UTC;0;985,4;986,4;985,4;2041,8;34,2;24,7;34,2;32,3;26,2;23,8;66;58;58;27;4,7;2,5;
2023/04/20;1600 UTC;0;984,2;985,4;984,2;2783,7;35,6;23,4;35,8;33,6;25;22,6;58;49;49;46;5,9;1,6;
2023/04/20;1700 UTC;0;983,1;984,2;983,1;2143,9;35,8;21,5;36;34,2;23,5;20,7;49;44;44;23;5;2;
2023/04/20;1800 UTC;0;982,1;983,1;982,1;2326,6;35,9;20,4;36,6;35,6;21,8;20,4;44;40;41;101;6,7;3,4;
2023/04/20;1900 UTC;0;982,3;982,3;982,1;1463,4;35,4;20;36,1;35,3;20,7;19,9;41;40;41;114;6,8;3;
2023/04/20;2000 UTC;0;982,5;982,6;982,3;474,3;33,5;20,1;35,4;33,5;20,1;19,3;45;41;45;110;7,6;3,7;
2023/04/20;2100 UTC;0;982,6;982,6;982,5;42,4;31,8;20,4;33,5;31,8;20,5;20,1;51;45;51;106;7,5;2,7;
2023/04/20;2200 UTC;0;983,3;983,3;982,5;;29,4;20,6;31,8;29,4;20,6;20,4;59;51;59;91;8,4;3,7;
2023/04/20;2300 UTC;0;984,3;984,3;983,3;;27,8;20,9;29,4;27,8;20,9;20,6;66;59;66;78;7,9;3,7;
2023/04/21;0000 UTC;0;985,7;985,7;984,3;;26,7;20,9;27,8;26,7;21;20,9;71;66;71;78;7,9;3,1;
2023/04/21;0100 UTC;0;986,6;986,6;985,7;;25,8;20,5;26,7;25,8;20,9;20,5;73;71;73;62;5,7;2;
2023/04/21;0200 UTC;0;986,7;986,7;986,4;;25,1;20,6;25,8;25,1;20,6;20,4;76;73;76;63;4;1,7;
2023/04/21;0300 UTC;0;986,3;986,7;986,3;;24,7;21,1;25,1;24,7;21,1;20,5;80;76;80;47;3,2;1,7;
2023/04/21;0400 UTC;0;986,2;986,4;986,2;;24,5;21,8;24,7;24,5;21,8;21,1;85;80;85;69;3,1;1;
2023/04/21;0500 UTC;0;985,4;986,2;985,4;;24,3;22,1;24,5;24,2;22,1;21,7;88;85;88;14;2,6;1;
2023/04/21;0600 UTC;0;985,2;985,4;985,2;;24;22,4;24,3;23,9;22,5;22,1;91;88;91;37;3,3;1,4;
2023/04/21;0700 UTC;0;985,2;985,3;985,2;;23,9;22,7;24,1;23,8;22,8;22,4;93;91;93;43;3,7;2;
2023/04/21;0800 UTC;0;985,8;985,8;985,1;;23,9;23,1;23,9;23,7;23,1;22,7;95;93;95;37;4,9;1,2;
2023/04/21;0900 UTC;0;986,5;986,5;985,8;3,6;23,9;23,4;24;23,8;23,4;23,1;97;95;97;5;2;,4;
2023/04/21;1000 UTC;0;987;987;986,5;280;25,3;24,8;25,3;23,9;24,8;23,4;98;97;97;37;3;1,6;
2023/04/21;1100 UTC;0;987,4;987,4;987;1198,9;27,6;25,6;27,6;25,3;25,7;24,4;97;88;89;41;6,9;3,6;
2023/04/21;1200 UTC;0;987,6;987,7;987,4;1414,6;28,6;25,2;28,6;26,8;25,4;24,1;89;82;82;64;6,9;3,9;
2023/04/21;1300 UTC;0;987,8;987,9;987,6;1733,3;29,3;24,2;29,4;28,2;25,3;23,9;82;74;74;68;9,3;3,3;
2023/04/21;1400 UTC;0;987,1;987,9;987,1;2306,2;30,9;24;31,3;29,2;24,7;23,5;74;67;67;67;7,5;3,7;
2023/04/21;1500 UTC;0;986,5;987,1;986,5;2163;31,5;22,4;32,2;30,7;24,3;22,2;67;58;58;72;7,1;3,2;
2023/04/21;1600 UTC;0;985,9;986,5;985,9;1556,6;31,7;21,2;32;31;22,5;20,7;58;53;54;104;6,5;2,7;
2023/04/21;1700 UTC;0;985,1;985,9;985,1;1493,9;31,1;19,9;31,9;31;21,3;19,8;54;51;52;123;6,1;2,8;
2023/04/21;1800 UTC;0;984,7;985,1;984,7;1108,4;31;20,7;31,3;30,3;20,7;19,5;54;51;54;130;6,7;3,4;
2023/04/21;1900 UTC;0;984,8;984,8;984,6;850,1;29,5;19,6;31,3;29,5;20,8;19,5;55;53;55;141;7,2;3,8;
2023/04/21;2000 UTC;0;985,7;985,7;984,8;240,4;27,9;20,1;29,5;27,9;20,1;19,6;62;55;62;141;8,4;3,6;
2023/04/21;2100 UTC;0;986;986,1;985,7;29,2;26,6;20,4;27,9;26,6;20,4;20,1;69;62;69;151;8,7;4,1;
2023/04/21;2200 UTC;0;986,6;986,6;986;;25,8;20,6;26,6;25,8;20,6;20,4;73;69;73;143;8,7;3,7;
2023/04/21;2300 UTC;0;987;987;986,6;;25,2;20,9;25,8;25,2;20,9;20,6;77;73;77;142;8,7;2,8;
2023/04/22;0000 UTC;0;987,9;987,9;987;;24,7;21,1;25,2;24,7;21,2;20,9;80;77;80;146;7,6;3,9;
2023/04/22;0100 UTC;0;987,7;987,9;987,6;;24,2;21,3;24,7;24,2;21,4;21,1;84;80;84;148;7,1;2,4;
2023/04/22;0200 UTC;0;987,8;987,9;987,7;;24,3;22,2;24,4;24,2;22,2;21,3;88;84;88;148;6,1;2;
2023/04/22;0300 UTC;0;987,3;987,8;987,3;;24,3;22,6;24,4;24,3;22,7;22,2;91;88;90;156;6,4;3;
2023/04/22;0400 UTC;,2;986,9;987,3;986,8;;24,2;23;24,4;24,2;23,1;22,6;93;90;93;168;5,5;1,8;
2023/04/22;0500 UTC;0;986,3;986,9;986,3;;24,1;23,4;24,2;24;23,4;23;96;93;96;168;5,5;1,6;
2023/04/22;0600 UTC;0;986,2;986,3;986,1;;23,8;23,8;24,1;23,6;23,8;23,3;100;96;100;183;3,5;1,4;
2023/04/22;0700 UTC;0;986,1;986,2;986;;23,5;23,5;23,8;23,5;23,8;23,5;100;100;100;181;4,1;2;
2023/04/22;0800 UTC;0;986,2;986,3;986;;23,3;;23,6;23,3;;;;;;182;4,3;1,8;
2023/04/22;0900 UTC;0;986,6;986,6;986,2;2,8;23,5;;23,5;23,3;;;;;;187;4,3;2,5;
2023/04/22;1000 UTC;0;987,3;987,3;986,6;202,7;23,9;;24;23,5;;;;;;188;5;2,2;
2023/04/22;1100 UTC;0;987,9;987,9;987,3;407,5;24,6;;24,6;23,9;;;;;;190;5,8;2,8;
2023/04/22;1200 UTC;0;988,4;988,4;987,9;976,4;26,3;26,3;26,3;24,6;;;;;100;175;6,7;3,2;
2023/04/22;1300 UTC;0;988;988,4;988;1724;27,1;25,5;27,7;26,3;27;25,5;100;91;91;157;6,9;3,3;
2023/04/22;1400 UTC;10,2;988,2;988,7;988;319;23,2;;27,1;23;25,5;22;100;88;;122;9,6;2,8;
2023/04/22;1500 UTC;0;987,1;988,2;987,1;362,5;23,5;;23,6;23,1;;;;;;152;5,5;1,7;
2023/04/22;1600 UTC;0;986,3;987,1;986,3;989;24,8;;25;23,4;;;;;;140;5,8;2,7;
2023/04/22;1700 UTC;0;985,5;986,3;985,5;1871,3;27;;27;24,8;;;;;;118;7,3;3,2;
2023/04/22;1800 UTC;,2;985,2;985,5;985,1;1507,7;27,6;26,6;28,3;26,5;28,1;26,1;100;94;94;86;8,1;4,4;
2023/04/22;1900 UTC;0;985,6;985,7;985,2;734;26,6;24,6;27,8;26,6;26,8;24,6;94;89;89;117;8,1;3,9;
2023/04/22;2000 UTC;0;986,3;986,3;985,6;125,6;24,6;22,6;26,6;24,6;24,6;22,4;89;87;89;141;7,3;1,7;
2023/04/22;2100 UTC;,4;986,5;986,5;986,3;36;24,1;23,2;24,7;23,6;23,2;21,6;95;88;95;99;6,1;1,7;
2023/04/22;2200 UTC;0;987;987;986,5;;23,7;23,7;24,1;23,7;23,7;23,2;100;95;100;125;3;1,2;
2023/04/22;2300 UTC;0;987,3;987,3;987;;23,2;;23,7;23,1;23,7;23,4;100;100;;112;2,1;,7;
2023/04/23;0000 UTC;0;987,3;987,3;987,2;;22,9;;23,2;22,9;;;;;;127;2,5;,9;
2023/04/23;0100 UTC;0;986,9;987,3;986,9;;21,9;;22,9;21,8;;;;;;51;1,7;,7;
2023/04/23;0200 UTC;0;987,1;987,1;986,9;;21,3;;21,9;21,3;;;;;;241;1,3;,7;
2023/04/23;0300 UTC;,2;986,8;987,1;986,8;;22,7;;22,7;21,3;;;;;;200;3,3;1,8;
2023/04/23;0400 UTC;0;986,3;986,8;986,3;;22,6;;22,8;22,5;;;;;;192;3,7;2;
2023/04/23;0500 UTC;0;985,8;986,3;985,8;;22,3;;22,6;22,3;;;;;;204;3,6;1,9;
2023/04/23;0600 UTC;0;985,8;985,8;985,6;;22,4;;22,4;22,3;;;;;;187;4,4;1,7;
2023/04/23;0700 UTC;0;985,8;985,9;985,7;,4;22,6;;22,6;22,4;;;;;;192;4,3;2,1;
2023/04/23;0800 UTC;0;986,1;986,1;985,7;;22,2;;22,6;22,2;;;;;;168;4,2;1,7;
2023/04/23;0900 UTC;0;986,7;986,7;986,1;,5;22,4;;22,4;22,1;;;;;;174;4,1;1,3;
2023/04/23;1000 UTC;0;987,6;987,6;986,7;396,6;22,9;;23;22,3;;;;;;138;4,1;2,1;
2023/04/23;1100 UTC;0;987,8;987,8;987,6;1065,4;24,5;;24,5;22,8;;;;;;143;4,9;2,5;
2023/04/23;1200 UTC;,6;988,5;988,6;987,8;1144,2;23,6;;24,9;23;;;;;;143;7,7;2;
2023/04/23;1300 UTC;0;988,4;988,6;988,3;1141,6;24,4;;24,4;23,4;;;;;;126;5,8;2,8;
2023/04/23;1400 UTC;0;987,6;988,4;987,5;2558,7;27;26,8;27,1;24,3;;;;;99;130;6,3;3,1;
2023/04/23;1500 UTC;0;986,6;987,6;986,6;2899,4;28,5;26,1;29;26,9;27,4;26,1;100;87;87;118;6,4;3,3;
2023/04/23;1600 UTC;0;985,9;986,6;985,9;2536,3;29;25,6;29,4;28,1;26,2;24,8;87;81;82;97;7,8;2,4;
2023/04/23;1700 UTC;,2;985,3;985,9;985,3;2074,7;29,2;24,6;30,2;28,6;26,3;24,5;82;76;76;111;8,3;3,7;
2023/04/23;1800 UTC;,8;985,7;985,7;985,2;804,1;25,6;22,2;29,2;25,6;24,6;21,4;81;74;81;89;10;3,9;
2023/04/23;1900 UTC;0;985,9;985,9;985,5;644,5;25,8;22,7;25,9;25,4;22,7;22;83;81;83;148;6,5;1,9;
2023/04/23;2000 UTC;0;986,7;986,7;985,9;391,9;25,9;22,5;26,2;25,7;23;22,5;83;82;82;148;4,5;2,1;
2023/04/23;2100 UTC;2,6;987,3;987,6;986,7;30,8;22,1;19,3;25,9;22;22,5;18,9;84;80;84;87;9,9;1,3;
2023/04/23;2200 UTC;0;987,6;987,6;987,3;;23,3;21,3;23,3;22,1;21,3;19,3;88;84;88;178;2,1;,5;
2023/04/23;2300 UTC;0;988,4;988,4;987,6;;23,9;22,6;23,9;23,2;22,6;21,3;93;88;93;138;4;1,8;
2023/04/24;0000 UTC;0;988,7;988,8;988,4;;23,5;23,2;23,9;23,5;23,2;22,6;98;93;98;147;4,1;1,6;
2023/04/24;0100 UTC;0;988,9;989;988,7;;23,4;;23,6;23,4;23,6;23,2;100;98;;150;4,3;1,3;
2023/04/24;0200 UTC;0;989,2;989,3;989;;23,3;;23,4;23,3;;;;;;183;4,2;1,8;
2023/04/24;0300 UTC;0;988,7;989,2;988,7;;22,7;;23,3;22,7;;;;;;186;4,1;1,5;
2023/04/24;0400 UTC;0;988;988,7;988;;22,2;;22,7;22,2;;;;;;168;4,3;2,1;
2023/04/24;0500 UTC;0;987,5;988;987,5;;22,4;;22,4;22,2;;;;;;195;4,3;1,6;
2023/04/24;0600 UTC;0;987,7;987,8;987,5;;22,2;;22,4;22,2;;;;;;184;5,7;2,5;
2023/04/24;0700 UTC;0;987,6;987,8;987,6;;22;;22,2;22;;;;;;175;6,3;3,3;
2023/04/24;0800 UTC;0;987,6;987,6;987,2;;21,8;;22,1;21,8;;;;;;179;6,3;2;
2023/04/24;0900 UTC;0;988,3;988,3;987,6;3;21,9;;22;21,8;;;;;;164;5,1;2;
2023/04/24;1000 UTC;0;989,1;989,1;988,3;260,7;22,7;;22,7;21,9;;;;;;171;4,2;1,9;
2023/04/24;1100 UTC;0;989,5;989,5;989,1;721,1;23,3;;23,4;22,6;;;;;;199;6,5;2,9;
2023/04/24;1200 UTC;0;990;990;989,5;813,2;24,1;;24,1;23,2;;;;;;189;7,1;2,8;
2023/04/24;1300 UTC;0;989,9;990,2;989,9;1292,1;26;;26,2;24;;;;;;180;6,1;3,3;
2023/04/24;1400 UTC;0;989,4;990;989,4;2632,2;27,3;26;27,9;25,9;27;25,6;100;92;93;161;8,4;3,9;
2023/04/24;1500 UTC;0;988,5;989,4;988,5;2284,7;27,4;24,4;28,3;27;26,7;24,4;94;84;84;138;7,9;4,5;
2023/04/24;1600 UTC;0;988,2;988,8;988,2;1438,7;27,4;24,2;27,6;24,7;24,5;21,7;86;82;83;145;9;2,9;
2023/04/24;1700 UTC;1,2;987,6;988,2;987,6;1372,4;25,4;21,8;28,1;25,2;24,2;21,4;83;77;81;148;7,8;3,1;
2023/04/24;1800 UTC;0;987,4;987,6;987,2;2292,5;27,6;23,5;27,7;25,4;23,8;21,9;82;78;78;154;7,5;3,5;
2023/04/24;1900 UTC;0;987,7;987,7;987,3;1069;26,5;22;27,8;26,4;23,7;22;79;76;76;159;8;3,7;
2023/04/24;2000 UTC;0;988,1;988,1;987,6;533,7;26,2;21,5;26,8;26,2;22,4;21,5;77;75;76;147;7,9;3;
2023/04/24;2100 UTC;0;988,4;988,4;988,1;46,2;25;20,9;26,2;25;21,5;20,9;78;76;78;154;7,2;3,1;
2023/04/24;2200 UTC;0;988,8;988,9;988,4;;24,2;21;25;24,2;21;20,9;82;78;82;160;6,8;2,7;
2023/04/24;2300 UTC;0;989,5;989,5;988,8;;23,7;21,1;24,2;23,6;21,1;20,9;86;82;86;155;6,2;2,3;
2023/04/25;0000 UTC;0;989,8;989,8;989,5;;23,3;21,4;23,7;23,3;21,4;21,1;89;86;89;160;5,4;2,3;
2023/04/25;0100 UTC;0;989,9;989,9;989,8;;23;21,5;23,3;22,9;21,5;21,3;92;89;92;153;4,8;1,9;
2023/04/25;0200 UTC;0;990,1;990,1;989,9;;22,6;21,5;23;22,6;21,6;21,5;94;92;94;177;5,6;2,1;
2023/04/25;0300 UTC;0;989,9;990,2;989,9;;22;21,2;22,6;22;21,5;21,1;95;93;95;201;4,7;1,4;
2023/04/25;0400 UTC;0;989,5;989,9;989,5;;21,5;21,1;22,1;21,5;21,4;21;98;95;98;233;3,1;,6;
2023/04/25;0500 UTC;0;988,9;989,5;988,9;;22;22;22;21,1;22;20,8;100;98;100;196;4;1,8;
2023/04/25;0600 UTC;0;988,7;988,9;988,7;;21,8;;22,1;21,8;;;;;;238;3,2;,7;
2023/04/25;0700 UTC;0;988,4;988,7;988,4;;22,1;;22,2;21,7;;;;;;193;4,1;2,4;
2023/04/25;0800 UTC;0;988,4;988,5;988,3;;22,1;;22,1;22;;;;;;186;5,1;1,7;
2023/04/25;0900 UTC;0;988,8;988,8;988,4;1,9;22,3;;22,3;22,1;;;;;;193;3,6;1,8;
2023/04/25;1000 UTC;0;989,3;989,3;988,8;122;22,6;;22,6;22,2;;;;;;188;4;1,7;
2023/04/25;1100 UTC;0;989,8;989,8;989,3;727,6;24,2;;24,2;22,6;;;;;;166;4,3;2;
2023/04/25;1200 UTC;0;990,4;990,4;989,8;1236,9;24,9;;25,2;23,7;;;;;;168;5,5;3;
2023/04/25;1300 UTC;0;990,7;990,8;990,4;1954,5;27,3;27,2;27,3;24,8;;;;;99;142;5,5;2,4;
2023/04/25;1400 UTC;0;990,4;990,8;990,4;1651;27,6;25,9;27,7;26,5;27,4;25,1;99;90;91;134;6,8;2,8;
2023/04/25;1500 UTC;0;989,4;990,4;989,4;2616,4;28,7;25,4;29,3;27,3;26,5;25,2;91;82;82;152;7,5;2,8;
2023/04/25;1600 UTC;0;988,7;989,5;988,7;1358,1;27,6;23,6;28,7;27,5;25,4;23,6;82;79;79;141;7,6;3,5;
2023/04/25;1700 UTC;0;988;988,7;988;1430,4;28,8;24,4;28,8;27,5;24,5;23,4;79;77;77;146;8;3,3;
2023/04/25;1800 UTC;0;987,7;988;987,7;1372,6;27,6;22,3;29,6;27,6;25;22,3;77;73;73;149;8,3;4,4;
2023/04/25;1900 UTC;0;987,7;987,7;987,5;1414;28,4;22,4;28,9;27,5;23,4;22,3;74;70;70;131;8,3;3,7;
2023/04/25;2000 UTC;0;988,1;988,2;987,7;598,6;26,9;20,8;28,5;26,9;22,5;20,8;70;68;69;142;8;4,1;
2023/04/25;2100 UTC;0;988,4;988,4;988,1;48,6;25,6;20,4;26,9;25,6;20,7;20,3;73;69;73;138;8;3,3;
2023/04/25;2200 UTC;0;988,9;989;988,4;;24,8;20,7;25,6;24,8;20,7;20,4;78;73;78;135;5,9;2,4;
2023/04/25;2300 UTC;0;989,6;989,6;988,9;;24,3;21;24,8;24,3;21;20,7;82;78;82;141;5,9;2,3;
2023/04/26;0000 UTC;0;990;990;989,6;;23,9;21,3;24,3;23,9;21,3;21;85;82;85;137;5,3;2,1;
2023/04/26;0100 UTC;0;990,1;990,1;990;;23,7;21,5;23,9;23,7;21,5;21,2;87;85;87;125;4,4;1,7;
2023/04/26;0200 UTC;0;990,1;990,1;990;;23;21,2;23,7;23;21,5;21,1;90;87;90;137;3,6;1,1;
2023/04/26;0300 UTC;0;989,8;990,1;989,7;;22,9;21,5;23;22,8;21,6;21,2;92;90;92;119;2,3;1;
2023/04/26;0400 UTC;0;989,1;989,8;989,1;;21,9;21;22,9;21,9;21,5;21;94;92;94;247;1,7;,6;
2023/04/26;0500 UTC;0;988,5;989,1;988,5;;21,8;21,4;22,2;21,8;21,7;20,9;98;94;98;202;1,8;,6;
2023/04/26;0600 UTC;0;988,3;988,5;988,3;;21,3;21,3;21,9;21,3;21,9;21,3;100;98;100;312;2;,4;
2023/04/26;0700 UTC;0;987,8;988,3;987,8;;21,7;;21,7;21;;;;;;212;2;1,2;
2023/04/26;0800 UTC;0;987,9;987,9;987,7;;22,4;;22,4;21,7;;;;;;208;2,7;,9;
2023/04/26;0900 UTC;0;988,4;988,4;987,9;2,5;22,6;;22,6;22,3;;;;;;193;3;1,8;
2023/04/26;1000 UTC;0;989,1;989,1;988,4;256,3;23,2;;23,2;22,6;;;;;;178;3,8;1,8;
2023/04/26;1100 UTC;0;989,6;989,6;989,1;619,6;24;;24;23,1;;;;;;180;4,3;2,2;
2023/04/26;1200 UTC;0;990,1;990,1;989,6;967,9;25,1;;25,6;23,9;;;;;;173;4,4;2,2;
2023/04/26;1300 UTC;0;989,9;990,2;989,8;2064,9;28,1;28,1;28,1;25,1;;;;;100;122;7,2;3,3;
2023/04/26;1400 UTC;0;989,3;989,9;989,3;2288,1;29;26,9;29;26,8;28,3;25,6;100;88;89;150;7,1;3,4;
2023/04/26;1500 UTC;0;988,1;989,3;988,1;2362,8;28,3;24,6;29,9;28,3;27,5;24,5;89;80;80;116;7,4;3,7;
2023/04/26;1600 UTC;0;987,3;988,1;987,3;878,7;27,3;23,2;28,8;26,9;25,1;23,1;81;78;79;126;6,8;3,5;
2023/04/26;1700 UTC;0;986,6;987,3;986,6;1354;28,8;23,8;29;27,3;24,3;23,2;79;74;74;112;7,9;3,8;
2023/04/26;1800 UTC;0;986,4;986,8;986,4;803,9;25,5;21,7;28,8;25,1;23,7;20,5;80;73;80;139;10,2;2,3;
2023/04/26;1900 UTC;0;986,7;986,7;986,4;514,7;25,2;21,7;26,3;25,1;22,8;21,6;81;80;81;81;6,1;2,6;
2023/04/26;2000 UTC;0;987,2;987,2;986,7;135,1;24,6;21,7;25,2;24,5;22,4;21,3;85;81;84;112;6,4;3;
2023/04/26;2100 UTC;,6;987,7;987,7;987,2;13,1;23;21,1;24,6;22,8;21,5;20,6;89;84;89;146;6,6;2,6;
2023/04/26;2200 UTC;,4;987,7;987,8;987,6;;22,7;21,6;23;22,3;21,6;20,6;94;89;94;153;5,8;1,8;
2023/04/26;2300 UTC;0;987,9;987,9;987,7;;23;22,4;23;22,7;22,4;21,7;97;94;97;128;4,7;1,2;
2023/04/27;0000 UTC;0;988,4;988,4;987,9;;23,1;23,1;23,2;22,9;23,1;22,4;100;97;100;140;2,6;1,5;
2023/04/27;0100 UTC;,6;988,7;988,9;988,4;;23,2;;23,3;23,1;23,3;23,1;100;100;;156;3,1;,7;
2023/04/27;0200 UTC;0;988,7;988,8;988,7;;23,1;;23,2;23,1;;;;;;228;2,5;,7;
2023/04/27;0300 UTC;,2;988,3;988,7;988,3;;23,2;;23,2;23,1;;;;;;208;3,1;1,2;
2023/04/27;0400 UTC;0;988;988,4;988;;23,2;;23,3;23,1;;;;;;213;2,7;,8;
2023/04/27;0500 UTC;0;987,4;988;987,4;;23;;23,2;22,9;;;;;;206;2,2;1,1;
2023/04/27;0600 UTC;1,4;987,3;987,5;987,3;;23;;23;22,9;;;;;;106;3;,4;
2023/04/27;0700 UTC;1;987,2;987,4;987,1;;22,8;;23;22,8;;;;;;203;3,3;1,7;
2023/04/27;0800 UTC;0;986,9;987,2;986,9;;22,6;;22,9;22,6;;;;;;184;3,5;1,9;
2023/04/27;0900 UTC;0;987,5;987,5;986,9;4,1;22,3;;22,6;22,3;;;;;;187;4;1,1;
2023/04/27;1000 UTC;0;988,1;988,1;987,5;208;23;;23,1;22,3;;;;;;178;2,8;1,5;
2023/04/27;1100 UTC;1,8;988,9;988,9;988,1;255,3;23,2;;23,2;22,9;;;;;;136;3,8;1,7;
2023/04/27;1200 UTC;3;989,3;989,3;988,9;563,2;23;;23,6;23;;;;;;145;3,9;1,4;
2023/04/27;1300 UTC;0;989;989,3;989;1671,6;25,3;;25,5;23;;;;;;302;2,4;,7;
2023/04/27;1400 UTC;0;988,3;989;988,3;1759,1;26,4;;26,7;25,1;;;;;;257;3,2;1,5;
2023/04/27;1500 UTC;0;987,4;988,3;987,4;1859,6;27,2;;27,7;25,3;;;;;;237;3,9;1,6;
2023/04/27;1600 UTC;,2;986,7;987,4;986,7;1415,3;26,8;;27,6;26,6;;;;;;1;3,5;2;
2023/04/27;1700 UTC;0;986,1;986,7;986,1;1402,8;26,6;26,6;27,7;26,5;;;100;99;100;101;4,5;2,8;
2023/04/27;1800 UTC;0;985,5;986,1;985,5;1313,6;26,9;;27,1;26,2;;;;;;116;4,8;2,4;
2023/04/27;1900 UTC;0;985,7;985,7;985,4;888,8;27,1;26,9;27,2;26,9;;;;;99;105;5,3;3;
2023/04/27;2000 UTC;0;986,5;986,5;985,7;327,3;26;25,1;27,1;26;26,9;25,1;99;95;95;109;5,8;3,6;
2023/04/27;2100 UTC;0;987,2;987,2;986,5;31,2;23,9;23,7;26;23,9;25,1;23,7;99;94;99;89;7,7;3,4;
2023/04/27;2200 UTC;0;987,6;987,6;987,1;;23,2;;23,9;23,2;23,7;23,3;100;99;;88;6,4;2,6;
2023/04/27;2300 UTC;0;988,6;988,6;987,6;;22,8;;23,2;22,8;;;;;;80;4,6;1,5;
2023/04/28;0000 UTC;0;989,1;989,1;988,6;;22,8;;22,8;22,8;;;;;;66;3,2;1,2;
2023/04/28;0100 UTC;0;989;989,1;988,9;;22,7;;22,8;22,6;;;;;;54;2,6;1,2;
2023/04/28;0200 UTC;0;988,7;989,1;988,6;;22,5;;22,7;22,4;;;;;;64;2,6;1,1;
2023/04/28;0300 UTC;0;988,4;988,7;988,4;;21,8;;22,5;21,8;;;;;;54;1,7;,4;
2023/04/28;0400 UTC;0;988;988,4;988;;21,2;;21,8;21,1;;;;;;212;1;,7;
2023/04/28;0500 UTC;0;987,6;988;987,6;;21,7;;21,7;20,9;;;;;;214;2,5;1,2;
2023/04/28;0600 UTC;0;987,4;987,6;987,3;;21,4;;21,9;21,3;;;;;;220;3;,9;
2023/04/28;0700 UTC;0;987,2;987,4;987,2;;21,1;;21,5;21,1;;;;;;256;1,6;,4;
2023/04/28;0800 UTC;0;987,2;987,2;986,9;;21,4;;21,7;21;;;;;;190;2,8;,4;
2023/04/28;0900 UTC;0;987,9;987,9;987,2;2,3;21;;21,4;20,9;;;;;;233;1,4;,5;
2023/04/28;1000 UTC;0;988,5;988,5;987,9;174,9;22,2;;22,2;21;;;;;;258;1,6;,6;
2023/04/28;1100 UTC;0;989,1;989,1;988,5;659,2;23,2;;23,2;22,2;;;;;;227;2,7;,9;
2023/04/28;1200 UTC;0;989,5;989,5;989,1;1302,3;24,8;;25,1;22,9;;;;;;310;2,4;,9;
2023/04/28;1300 UTC;0;989,4;989,6;989,4;2122,8;27,2;;27,2;24,7;;;;;;50;4,1;1,6;
2023/04/28;1400 UTC;,2;989;989,5;989;2514,8;28,3;;28,5;27,1;;;;;;47;3,3;1,1;
2023/04/28;1500 UTC;0;987,7;989;987,7;3059,1;30,1;29,3;30,3;28,3;;;;;95;40;3,7;1,1;
2023/04/28;1600 UTC;0;986,7;987,7;986,7;3230,7;31,3;28,8;31,5;29,6;29,4;28,1;97;85;86;29;4;1,6;
2023/04/28;1700 UTC;0;986;986,7;986;2281,8;31,8;27,2;32;30,1;28,7;26,3;86;76;76;99;3,7;1,8;
2023/04/28;1800 UTC;0;985,5;986;985,5;1421,9;31,4;25,4;32,2;30,5;27,3;24,6;77;70;71;123;3,8;1,7;
2023/04/28;1900 UTC;0;985,8;985,8;985,4;1393,2;30,9;23,1;32,3;30,9;25,9;23,1;71;63;63;136;4,5;2,2;
2023/04/28;2000 UTC;0;986,3;986,3;985,8;257,2;28,4;22,4;31;28,3;23,3;21,5;70;63;70;123;8,1;3,2;
2023/04/28;2100 UTC;0;986,9;986,9;986,2;38;27,1;22,3;28,4;27,1;22,4;22,1;75;70;75;115;6;2,3;
2023/04/28;2200 UTC;0;987,6;987,6;986,9;;26,1;22,4;27,1;26,1;22,4;22,3;80;75;80;100;5,9;2,4;
2023/04/28;2300 UTC;0;988,7;988,7;987,6;;25,3;22,5;26,1;25,3;22,5;22,3;84;80;84;84;5,5;2,4;
2023/04/29;0000 UTC;0;989;989;988,7;;24,7;22,5;25,3;24,7;22,5;22,5;88;84;88;90;4,8;2,2;
2023/04/29;0100 UTC;0;989,2;989,4;989;;24,2;22,7;24,7;24,2;22,7;22,5;91;88;91;86;4;2,4;
2023/04/29;0200 UTC;0;989,3;989,4;989,2;;23,8;23;24,2;23,8;23;22,7;95;91;95;84;4,1;1,7;
2023/04/29;0300 UTC;0;989,5;989,5;989,3;;23,4;23,3;23,8;23,4;23,3;23;100;95;100;88;3,7;1,4;
2023/04/29;0400 UTC;0;988,9;989,6;988,8;;22,6;;23,4;22,6;;;;;;88;2,4;,6;
2023/04/29;0500 UTC;0;988,5;988,9;988,4;;22,2;;22,7;22,2;;;;;;85;1,3;,7;
2023/04/29;0600 UTC;0;988,5;988,6;988,4;;21,9;;22,4;21,9;;;;;;190;1,3;,7;
2023/04/29;0700 UTC;0;988,6;988,6;988,4;;22,7;;22,8;21,7;;;;;;262;2,3;,7;
2023/04/29;0800 UTC;0;988,5;988,7;988,3;;22,6;;22,9;22,5;;;;;;266;1,4;,4;
2023/04/29;0900 UTC;0;989,1;989,1;988,5;6,1;22,8;;22,8;22,5;;;;;;13;1,2;,7;
2023/04/29;1000 UTC;0;989,8;989,8;989,1;346,6;24;;24,1;22,7;;;;;;33;2,2;1,4;
2023/04/29;1100 UTC;0;990,3;990,3;989,8;1190,6;25,6;;25,7;23,9;;;;;;14;3,5;2,1;
2023/04/29;1200 UTC;0;990,5;990,6;990,3;1812,2;27,1;;27,3;25,3;;;;;;22;4,4;2,6;
2023/04/29;1300 UTC;0;990,6;990,7;990,5;2628,5;29,4;28,6;29,7;26,9;;;;;96;36;4,4;1,7;
2023/04/29;1400 UTC;0;990;990,6;990;3017,3;30,4;27,6;30,4;28,9;29,1;27,5;98;85;85;84;5,2;1,9;
2023/04/29;1500 UTC;0;988,8;990;988,8;2742,8;31,3;27,4;31,3;30;28,4;26,6;87;80;80;72;5,3;2,1;
2023/04/29;1600 UTC;0;987,6;988,8;987,6;2962,2;31,7;25,7;32,4;30,7;27,4;25,6;80;71;71;90;6,6;1,8;
2023/04/29;1700 UTC;0;986,8;987,6;986,8;2881,6;32;23,8;32,5;31,3;26;23,8;71;62;62;105;6,5;2,9;
2023/04/29;1800 UTC;0;986,4;986,8;986,4;2085,1;32,3;22,7;32,6;31,5;24;22;62;57;57;112;6,6;2,6;
2023/04/29;1900 UTC;0;986,3;986,4;986,3;1346,7;30,7;20,3;32,4;30,7;22,5;20,3;57;54;54;143;6,8;2,8;
2023/04/29;2000 UTC;0;987,2;987,2;986,3;427,6;28,3;20;31,4;28,3;21;19,8;61;54;61;136;9,5;4,2;
2023/04/29;2100 UTC;0;987,8;987,8;987,2;32,2;27;20,4;28,2;27;20,5;19,9;67;61;67;120;9,1;3,5;
2023/04/29;2200 UTC;0;988,4;988,4;987,8;;26,1;20,5;27;26,1;20,5;20,3;71;67;71;125;7,7;3,6;
2023/04/29;2300 UTC;0;988,8;988,8;988,4;;25,5;20,9;26,1;25,5;20,9;20,5;75;71;75;106;7,8;2,6;
2023/04/30;0000 UTC;0;989,6;989,6;988,8;;25;21,3;25,5;25;21,3;20,9;80;76;80;95;5,7;2,1;
2023/04/30;0100 UTC;0;989,8;989,9;989,5;;24,6;21,8;25;24,6;21,8;21,3;84;80;84;93;5,8;2,3;
2023/04/30;0200 UTC;0;989,8;989,9;989,8;;24,4;22,2;24,6;24,4;22,2;21,8;88;84;88;103;4,2;1,7;
2023/04/30;0300 UTC;0;989,5;989,8;989,5;;24,1;22,5;24,4;24,1;22,5;22,2;91;88;91;121;3,3;1,3;
2023/04/30;0400 UTC;0;988,8;989,5;988,7;;23,7;22,9;24,2;23,7;22,9;22,5;95;91;95;110;2,3;1;
2023/04/30;0500 UTC;0;988,4;988,8;988,4;;23,6;23,6;23,8;23,6;23,7;22,9;100;95;100;121;2,7;,9;
2023/04/30;0600 UTC;0;988,3;988,5;988,3;;23,6;;23,6;23,5;;;;;;136;2,5;1,5;
2023/04/30;0700 UTC;0;988,2;988,4;988;;23;;23,6;23;;;;;;98;2,6;,6;
2023/04/30;0800 UTC;0;988,2;988,2;988,1;;23;;23,1;22,5;;;;;;137;1,6;,8;
2023/04/30;0900 UTC;0;988,6;988,6;988,1;2,7;22,5;;23,1;22,2;;;;;;248;1,6;,6;
2023/04/30;1000 UTC;0;989,2;989,2;988,6;336,8;24;;24,3;22,5;;;;;;266;1,1;,4;
2023/04/30;1100 UTC;0;989,6;989,6;989,2;691;25,5;;25,5;24;;;;;;147;4,2;1,7;
2023/04/30;1200 UTC;0;989,7;989,8;989,6;890,3;26,4;;26,7;25,4;;;;;;158;4,3;2,1;
2023/04/30;1300 UTC;0;989,7;989,9;989,7;1514;27,7;27,7;28,4;26,4;;;;;100;149;5;2,4;
2023/04/30;1400 UTC;0;989,1;989,7;989,1;1171,3;28,3;26,9;28,6;27,7;28,1;26,9;100;92;92;147;5,1;2,6;
2023/04/30;1500 UTC;0;988;989,1;988;2094,4;30;27,1;30,6;28,3;28,4;26,4;93;84;84;134;5,3;2,7;
2023/04/30;1600 UTC;0;987,1;988;987,1;1928;29,6;25,1;30,9;29,1;27,4;25,1;84;77;77;158;5,9;2,9;
2023/04/30;1700 UTC;,2;986,8;987,2;986,8;552,8;26,5;22,8;29,5;26,5;25,1;22,8;81;77;81;128;8,5;3,9;
2023/04/30;1800 UTC;,2;986,2;986,8;986,2;867,3;26,7;23;26,7;26;23,2;22,5;83;80;80;114;9,1;4,6;
2023/04/30;1900 UTC;0;986,2;986,3;986,1;1611,6;27,8;23,3;28,2;26,6;24,1;22,9;80;77;77;115;8,4;4,7;
2023/04/30;2000 UTC;0;986,9;986,9;986,2;578,5;26,1;22,2;27,7;26,1;23,4;22,1;79;77;79;93;9,1;3,3;
2023/04/30;2100 UTC;0;987,2;987,2;986,8;40,9;24,9;21,7;26,1;24,9;22,2;21,7;83;79;83;103;6,7;2,1;
2023/04/30;2200 UTC;0;987,8;987,8;987,1;;24,7;22,2;24,9;24,7;22,2;21,7;86;83;86;99;5;2,1;
2023/04/30;2300 UTC;0;988,7;988,7;987,8;;23,9;21,9;24,7;23,9;22,2;21,9;89;86;89;95;6,8;2;
2023/05/01;0000 UTC;0;989,2;989,2;988,7;;23,5;21,9;23,9;23,5;22;21,9;91;89;91;89;6,2;2;
2023/05/01;0100 UTC;0;989,4;989,5;989,2;;23,1;21,9;23,5;23;21,9;21,7;93;91;93;91;4,4;,9;
2023/05/01;0200 UTC;0;989,7;989,8;989,4;;23,1;22,3;23,1;22,8;22,3;21,7;95;93;95;100;2,8;1,3;
2023/05/01;0300 UTC;0;989;989,8;989;;22,7;22,1;23,1;22,7;22,4;22,1;97;95;97;68;2,8;,5;
2023/05/01;0400 UTC;0;988,2;989;988,2;;22,4;22,3;22,7;22,1;22,3;21,8;99;97;99;76;2,5;1,5;
2023/05/01;0500 UTC;0;987,6;988,2;987,6;;21,6;21,6;22,4;21,6;22,3;21,6;100;99;100;203;2,7;,4;
2023/05/01;0600 UTC;0;987,5;987,6;987,3;;21,4;;21,7;21,1;;;;;;67;1,2;,8;
2023/05/01;0700 UTC;0;987,6;987,7;987,5;;21,7;;21,7;21,1;;;;;;101;1,5;1;
2023/05/01;0800 UTC;0;987,5;987,7;987,5;;21,2;;21,8;21,1;;;;;;251;1,5;,6;
2023/05/01;0900 UTC;0;988,3;988,3;987,5;1,4;21,2;;21,5;20,9;;;;;;275;1,3;,7;
2023/05/01;1000 UTC;0;989,4;989,4;988,3;314;22,3;;22,3;21,2;;;;;;328;1,2;,7;
2023/05/01;1100 UTC;0;989,7;989,7;989,4;972,8;24,3;;24,3;22,2;;;;;;358;2,6;1,2;
2023/05/01;1200 UTC;0;989,8;989,9;989,7;1585,6;26,5;;26,5;24,3;;;;;;95;3,9;1,9;
2023/05/01;1300 UTC;0;989,5;989,9;989,5;2460,8;28,2;28,2;28,3;26,3;;;;;100;70;4,1;1,7;
2023/05/01;1400 UTC;0;988,8;989,5;988,8;2537,5;29,1;27,3;29,3;27,4;28,4;26,7;100;89;90;107;4,9;1,6;
2023/05/01;1500 UTC;0;987,8;988,8;987,8;2433,8;29,7;26,4;30,1;28,8;27,9;25,6;91;82;82;110;5,1;2,5;
2023/05/01;1600 UTC;0;986,8;987,8;986,8;2261;29,5;24,9;31,1;29,5;27;24,9;83;76;76;143;6,5;3;
2023/05/01;1700 UTC;0;985,7;986,8;985,7;2136,1;29,5;23,8;31,1;29,5;25,9;23,8;77;71;71;131;6,2;3,3;
2023/05/01;1800 UTC;0;985,1;985,7;985,1;957,4;29,7;23,4;30,1;29;24,4;22,8;72;69;69;150;7;3,7;
2023/05/01;1900 UTC;0;985,2;985,3;985;1138,6;27,5;21,3;30,3;27,5;23,9;21,1;69;67;69;127;9;4,1;
2023/05/01;2000 UTC;0;985,7;985,8;985,2;194,9;26;20,5;27,5;26;21;20,1;72;69;72;115;9,2;3;
2023/05/01;2100 UTC;0;986,3;986,3;985,6;6,5;24,9;20,3;26;24,9;20,5;20,3;76;72;76;95;7,5;2,6;
2023/05/01;2200 UTC;,8;987,1;987,1;986,3;;24,2;21,1;24,9;24,2;21,1;20,2;83;76;83;94;5,2;2,4;
2023/05/01;2300 UTC;,2;987,7;987,7;987,1;;24,2;22,3;24,2;24,1;22,3;21,1;89;83;89;128;4;1;
2023/05/02;0000 UTC;0;987,9;987,9;987,5;;24;23;24,2;24;23;22,2;94;89;94;128;3,9;1,7;
2023/05/02;0100 UTC;0;988;988,1;987,9;;23,9;23,7;24;23,8;23,7;23;99;94;99;153;3,3;1,3;
2023/05/02;0200 UTC;0;988,2;988,2;988;;23,6;;23,9;23,6;23,8;23,7;100;99;;120;2,5;,9;
2023/05/02;0300 UTC;,2;987,6;988,3;987,6;;23,5;;23,7;23,4;;;;;;149;1,6;,8;
2023/05/02;0400 UTC;0;986,9;987,6;986,9;;23,4;;23,5;23,3;;;;;;230;2,2;,5;
2023/05/02;0500 UTC;0;986,7;986,9;986,6;;23,2;;23,4;23,2;;;;;;295;1,3;,8;
2023/05/02;0600 UTC;0;986,5;986,7;986,4;;23,1;;23,2;23;;;;;;245;1,4;,8;
2023/05/02;0700 UTC;0;986,4;986,5;986,4;;23,1;;23,1;23,1;;;;;;235;2;,9;
2023/05/02;0800 UTC;0;986,3;986,5;986,3;;23;;23,1;23;;;;;;253;1,9;,6;
2023/05/02;0900 UTC;0;987;987;986,3;2,4;23;;23,1;23;;;;;;205;2,3;1,2;
2023/05/02;1000 UTC;0;987,5;987,5;987;187,1;23,3;;23,4;23;;;;;;205;4,4;1,5;
2023/05/02;1100 UTC;0;988,2;988,2;987,5;700,4;24,3;;24,3;23,3;;;;;;217;3,6;2;
2023/05/02;1200 UTC;0;988,6;988,7;988,2;907,5;25,1;;25,1;24,2;;;;;;191;3,6;1,9;
2023/05/02;1300 UTC;0;988,6;988,7;988,6;1448,8;26,3;;26,4;25,2;;;;;;192;3,9;1,6;
2023/05/02;1400 UTC;0;988;988,6;988;1626,1;26,3;;27,8;26,3;;;;;;183;6,6;3,6;
2023/05/02;1500 UTC;0;987;988;987;1303,5;27,9;27,5;28;26,2;;;;;98;129;6,2;1,6;
2023/05/02;1600 UTC;0;986,4;987;986,4;698,3;25,6;25,2;27,9;25,5;27,4;25;98;95;98;134;6,2;2,6;
2023/05/02;1700 UTC;1,4;985,6;986,4;985,6;772,6;25,5;25,5;25,6;24,8;25,5;24,5;100;97;100;130;5,4;2,3;
2023/05/02;1800 UTC;0;985,3;985,6;985,3;1004,4;26;26;26,2;25,4;26,2;25,4;100;100;100;106;5,5;2,2;
2023/05/02;1900 UTC;0;985,6;985,6;985,3;496,7;26;25,3;26,1;25,9;26;25,3;100;96;96;102;5,5;2,6;
2023/05/02;2000 UTC;0;985,9;985,9;985,6;246,7;25,3;24,1;26;25,3;25,3;24,1;96;93;93;92;5,8;2,5;
2023/05/02;2100 UTC;0;986;986,1;985,9;25,6;24,3;23,4;25,3;24,2;24,1;23,4;95;93;95;84;5,1;1,9;
2023/05/02;2200 UTC;0;986,6;986,6;986;;23,7;23,1;24,3;23,7;23,4;23,1;96;95;96;109;3,6;1,1;
2023/05/02;2300 UTC;0;987,3;987,3;986,6;;23,6;23,2;23,7;23,5;23,2;22,9;98;96;98;126;3;1,7;
2023/05/03;0000 UTC;0;987,7;987,7;987,2;;23,4;23,4;23,7;23,4;23,4;23,2;100;98;100;123;3,6;1,8;
2023/05/03;0100 UTC;0;987,8;987,9;987,6;;23,1;;23,4;23,1;23,4;23,1;100;100;;119;3,8;1,4;
2023/05/03;0200 UTC;0;988,1;988,1;987,8;;23,1;;23,1;23;;;;;;135;2,9;,9;
2023/05/03;0300 UTC;0;987,8;988,3;987,8;;23,1;;23,2;23,1;;;;;;105;2,5;1,1;
2023/05/03;0400 UTC;0;987,4;987,8;987,3;;23,1;;23,1;23;;;;;;154;2,4;1,1;
2023/05/03;0500 UTC;0;986,9;987,4;986,9;;22,6;;23,1;22,6;;;;;;226;2;,5;
2023/05/03;0600 UTC;0;986,6;986,9;986,6;;22,5;;22,6;22,4;;;;;;200;1,6;,8;
2023/05/03;0700 UTC;0;986,5;986,7;986,5;;22,9;;22,9;22,5;;;;;;200;2,7;1,3;
2023/05/03;0800 UTC;0;986,7;986,7;986,4;;23;;23;22,9;;;;;;186;6,8;3,1;
2023/05/03;0900 UTC;0;987,4;987,4;986,7;,6;22,3;;23;22,3;;;;;;193;7,7;1,9;
2023/05/03;1000 UTC;0;988,3;988,3;987,4;121,7;22,7;;22,7;22,3;;;;;;126;3,8;2,1;
2023/05/03;1100 UTC;0;989,1;989,1;988,3;359,3;23,1;;23,3;22,7;;;;;;134;3,6;1,6;
2023/05/03;1200 UTC;0;989,4;989,4;989,1;986,7;25,1;;25,3;23,1;;;;;;132;5,2;2,7;
2023/05/03;1300 UTC;0;989,8;989,8;989,4;1150,8;25,9;;25,9;24,7;;;;;;130;6,3;2,8;
2023/05/03;1400 UTC;0;989,2;989,8;989,2;1751,9;25,9;;26,4;25,6;;;;;;130;6,3;3,5;
2023/05/03;1500 UTC;0;988,7;989,2;988,6;1193,8;24,1;;26,2;23,4;;;;;;78;9,2;4;
2023/05/03;1600 UTC;0;987,6;988,7;987,6;1755,7;26,3;26,3;26,3;24;;;;;100;113;7,9;4,4;
2023/05/03;1700 UTC;,2;987;987,6;987;1577,9;26,8;25,4;27,4;26,2;26,8;25,4;100;93;93;108;7,8;3,6;
2023/05/03;1800 UTC;0;987,1;987,1;986,8;527,1;25,7;24;26,8;25;25,4;23,3;93;89;90;117;7,4;3,1;
2023/05/03;1900 UTC;0;986,7;987,1;986,7;556,1;26,2;24,3;26,2;24,5;24,4;22,8;92;90;90;120;6,6;3,1;
2023/05/03;2000 UTC;0;987,3;987,3;986,7;293,4;25,4;23,4;26,2;25,4;24,3;23,4;90;89;89;101;5,4;1,9;
2023/05/03;2100 UTC;0;987,5;987,5;987,3;22,1;24,8;22,8;25,4;24,8;23,4;22,8;89;88;88;108;4,8;2,2;
2023/05/03;2200 UTC;0;987,9;988;987,5;;24;22;24,8;24;22,8;22;89;88;89;98;4,3;1,1;
2023/05/03;2300 UTC;0;988,6;988,6;987,9;;23,3;21,6;24;23,3;21,9;21,6;90;89;90;133;2,4;1,2;
2023/05/04;0000 UTC;0;988,9;988,9;988,6;;23;21,7;23,3;23;21,7;21,5;92;90;92;107;2,7;1,4;
2023/05/04;0100 UTC;0;989,5;989,6;989;;22,8;21,9;23;22,7;21,9;21,6;95;92;95;141;2,7;1,6;
2023/05/04;0200 UTC;0;989,2;989,5;989,2;;22,4;22,1;22,8;22,4;22,1;21,9;98;95;98;136;2,9;,9;
2023/05/04;0300 UTC;0;989;989,2;989;;22;22;22,4;22;22,2;22;100;98;100;148;2;1;
2023/05/04;0400 UTC;0;988,3;989;988,3;;21,8;;22;21,7;;;;;;143;2,3;1,1;
2023/05/04;0500 UTC;0;987,9;988,4;987,9;;21,7;;21,9;21,1;;;;;;135;1,8;,5;
2023/05/04;0600 UTC;0;987,9;987,9;987,7;;22,3;;22,3;21,5;;;;;;127;2,1;,5;
2023/05/04;0700 UTC;0;987,8;987,9;987,7;;22,4;;22,5;22,3;;;;;;23;1,1;,6;
2023/05/04;0800 UTC;0;987,8;987,8;987,7;;22,4;;22,4;22,3;;;;;;138;1,1;,4;
2023/05/04;0900 UTC;0;988,4;988,4;987,8;2,8;22,3;;22,4;22,3;;;;;;135;1,7;,3;
2023/05/04;1000 UTC;0;989,2;989,2;988,4;133,7;22,8;;22,8;22,3;;;;;;256;1,8;,9;
2023/05/04;1100 UTC;0;990,1;990,1;989,2;460;23,3;;23,4;22,7;;;;;;243;2,3;1,1;
2023/05/04;1200 UTC;0;990,6;990,6;990,1;1207,3;24,9;;25,3;23,3;;;;;;243;2,9;1,6;
2023/05/04;1300 UTC;0;990,5;990,7;990,5;1495,8;26,4;;27,3;24,8;;;;;;130;2,9;1;
2023/05/04;1400 UTC;0;989,9;990,5;989,9;1803,2;27,3;;27,8;26,4;;;;;;149;4,1;1,5;
2023/05/04;1500 UTC;0;988,9;989,9;988,9;2050;28,9;27,8;29,3;27,3;28,8;27,3;100;94;94;156;5;1,6;
2023/05/04;1600 UTC;0;988,3;988,9;988,3;1927,4;29,8;27,6;29,9;27,9;28,8;25,9;94;88;88;179;6,2;2,4;
2023/05/04;1700 UTC;0;987,7;988,3;987,6;1575,6;28,5;24,7;31;28,5;28,3;24,7;88;80;80;135;9,5;4,3;
2023/05/04;1800 UTC;0;987,5;987,7;987,4;1078,1;28,3;24,4;29,1;27,8;25,7;24,2;82;80;80;133;9,5;3,2;
2023/05/04;1900 UTC;0;987,7;987,7;987,4;1256,3;27,2;23,4;28,5;27;24,7;23,1;80;78;80;130;8,7;3,5;
2023/05/04;2000 UTC;0;988,2;988,2;987,6;586,5;26,6;22,9;27,3;26,5;23,5;22,6;80;79;80;136;8;3;
2023/05/04;2100 UTC;0;988,5;988,5;988,2;49,4;24,8;21,6;26,6;24,8;22,9;21,6;83;80;83;117;8,2;2,9;
2023/05/04;2200 UTC;0;989,2;989,2;988,5;;24,3;21,7;24,8;24,2;21,7;21,5;85;83;85;109;6;2,2;
2023/05/04;2300 UTC;0;989,8;989,8;989,2;;24,1;22,1;24,3;24;22,1;21,7;88;85;88;123;4,9;2,1;
2023/05/05;0000 UTC;0;990,6;990,6;989,8;;23,9;22,4;24,1;23,9;22,4;22,1;92;89;92;116;4,5;1,7;
2023/05/05;0100 UTC;0;991,2;991,2;990,6;;23,7;22,9;23,9;23,7;22,9;22,5;95;92;95;120;3,4;1,8;
2023/05/05;0200 UTC;0;991,2;991,2;991,1;;23,6;23,3;23,7;23,6;23,3;22,9;98;95;98;138;4,3;1,9;
2023/05/05;0300 UTC;0;990,9;991,3;990,9;;23,4;23,4;23,8;23,4;23,6;23,4;100;98;100;130;4,9;1,3;
2023/05/05;0400 UTC;0;990,3;990,9;990,3;;22,9;22,9;23,4;22,9;23,4;22,9;100;100;100;120;4,1;1,3;
2023/05/05;0500 UTC;0;989,3;990,3;989,3;;22,8;;22,9;22,8;;;;;;129;3,3;1,5;
2023/05/05;0600 UTC;0;989;989,3;989;;22,7;;23;22,7;;;;;;152;3,5;1,3;
2023/05/05;0700 UTC;0;988,9;989,1;988,9;;22,1;;22,7;22,1;;;;;;262;2,1;,5;
2023/05/05;0800 UTC;0;989,2;989,2;988,9;;21,7;;22,1;21,5;;;;;;231;1,4;,6;
2023/05/05;0900 UTC;0;989,9;989,9;989,2;4,6;22,5;;22,5;21,7;;;;;;163;1,6;,3;
2023/05/05;1000 UTC;0;990,4;990,4;989,9;235;23,4;;23,4;22,5;;;;;;200;2,9;1,6;
2023/05/05;1100 UTC;0;990,9;990,9;990,4;588,5;24,4;;24,5;23,4;;;;;;190;4;1,8;
2023/05/05;1200 UTC;0;991,4;991,4;990,9;1145,7;26;;26,9;24,4;;;;;;135;5,4;2,4;
2023/05/05;1300 UTC;0;991,5;991,6;991,3;2076,5;26,8;26,5;28,4;25,9;;;;;98;110;8,4;4,2;
2023/05/05;1400 UTC;0;990,9;991,5;990,9;2577,3;29,3;27,4;29,6;26,1;28,5;25,6;100;90;90;116;7,5;4,2;
2023/05/05;1500 UTC;0;989,7;990,9;989,7;2467,6;29,7;26,1;30,6;28,9;28,5;25,3;90;81;81;127;9,5;4,5;
2023/05/05;1600 UTC;0;989;989,7;989;2681,7;30,9;25,8;31,1;29,4;27,1;24,5;81;74;74;139;8,6;3,9;
2023/05/05;1700 UTC;0;988,3;989;988,3;1094,5;28,7;23,2;30,9;28,3;25,5;22,7;74;72;72;133;9,4;3,8;
2023/05/05;1800 UTC;0;987,8;988,3;987,8;1019,3;28,4;22,5;29,4;27,7;23,9;21,9;73;70;70;104;8;4,4;
2023/05/05;1900 UTC;0;987,9;988;987,8;673,2;28,1;21,7;28,4;27;22,3;21,1;70;68;68;147;9,2;4;
2023/05/05;2000 UTC;0;988,4;988,4;987,9;459;27,5;20,5;28,3;27,5;21,9;20,5;68;66;66;133;7,9;3,3;
2023/05/05;2100 UTC;0;988,8;988,8;988,4;36;26,3;19,4;27,5;26,3;20,4;19,4;66;65;66;121;6,8;2,9;
2023/05/05;2200 UTC;0;989,3;989,3;988,8;;25,1;19;26,3;25,1;19,4;19;69;66;69;113;6,7;3,4;
2023/05/05;2300 UTC;0;990,1;990,1;989,3;;24,1;19,3;25,1;24,1;19,3;18,9;75;69;75;112;6,7;2,2;
2023/05/06;0000 UTC;0;990,7;990,7;990,1;;23,7;19,9;24,1;23,6;19,9;19,4;79;75;79;110;4,6;2,5;
2023/05/06;0100 UTC;0;990,7;990,7;990,5;;23,3;20,4;23,7;23,3;20,4;19,9;84;79;84;123;4,5;1,6;
2023/05/06;0200 UTC;0;990,6;990,8;990,6;;22,6;20,5;23,3;22,6;20,6;20,3;88;84;88;88;3,4;1;
2023/05/06;0300 UTC;0;990,1;990,6;990,1;;22,3;20,9;22,6;22,1;20,9;20,4;92;88;92;106;2;1,1;
2023/05/06;0400 UTC;0;989,5;990,1;989,5;;21,4;20,6;22,3;21,3;21;20,3;95;92;95;254;2;,4;
2023/05/06;0500 UTC;0;988,9;989,5;988,9;;21,1;20,9;21,5;20,9;20,9;20,2;99;95;99;154;1,3;,7;
2023/05/06;0600 UTC;0;988,6;988,9;988,6;;22;;22;20,8;21,2;20,8;100;99;;150;1,9;1,2;
2023/05/06;0700 UTC;0;988,5;988,7;988,5;;20,9;;22;20,6;;;;;;3;2;,7;
2023/05/06;0800 UTC;0;988,6;988,7;988,4;;21,3;;21,4;20,3;;;;;;215;1,8;,3;
2023/05/06;0900 UTC;0;989,4;989,4;988,6;3;21,8;;21,8;21,3;;;;;;254;1,1;,8;
2023/05/06;1000 UTC;0;990,2;990,2;989,4;211,2;22,7;;22,7;21,7;;;;;;226;2;1,1;
2023/05/06;1100 UTC;0;990,7;990,7;990,2;663,6;23,4;;23,7;22,6;;;;;;224;3;1,7;
2023/05/06;1200 UTC;0;991;991;990,7;1207,5;24,6;;25,1;23,3;;;;;;187;3,7;2;
2023/05/06;1300 UTC;0;990,7;991,2;990,7;1448,9;25,8;;26,6;24,6;;;;;;185;5,8;3,3;
2023/05/06;1400 UTC;0;989,7;990,7;989,7;2488,9;29,1;28,6;29,1;25,8;;;;;97;118;5,8;1,7;
2023/05/06;1500 UTC;0;988,8;989,8;988,8;2311,3;29,3;26,4;30;27,9;28,6;25,5;97;85;85;134;5,5;2,3;
2023/05/06;1600 UTC;0;988,3;988,8;988,2;1682,4;28,3;24,3;29,8;28,3;26,4;24,3;85;78;79;143;7,2;4,1;
2023/05/06;1700 UTC;0;987,6;988,3;987,6;1570,5;27,8;23,2;29,3;27,7;25,3;23;80;76;76;142;7,2;3,5;
2023/05/06;1800 UTC;0;987,5;987,6;987,5;1100,1;25,4;21;28;25,3;23,2;20,9;77;74;77;171;9;4;
2023/05/06;1900 UTC;0;987,4;987,5;987,4;611,1;26,5;21,8;26,6;25,2;22,2;20,8;77;75;75;154;6,9;2,7;
2023/05/06;2000 UTC;0;987,5;987,5;987,3;339,4;25,9;21,3;26,7;25,8;21,8;21,2;76;74;76;126;6,4;2,5;
2023/05/06;2100 UTC;0;987,8;987,9;987,5;21;24,5;20,7;26;24,5;21,5;20,4;79;76;79;116;8,5;2,3;
2023/05/06;2200 UTC;0;988,4;988,4;987,8;;24,3;21,2;24,7;24,3;21,3;20,7;83;79;83;131;6,6;3,1;
2023/05/06;2300 UTC;0;988,5;988,6;988,4;;23,7;21,1;24,3;23,7;21,2;20,9;85;83;85;132;6,8;2,9;
2023/05/07;0000 UTC;0;988,9;988,9;988,5;;23,8;21,5;23,9;23,7;21,6;21,1;87;85;87;135;6;2,1;
2023/05/07;0100 UTC;0;989;989;988,9;;23,4;21,5;23,8;23,4;21,6;21,5;89;87;89;136;5,2;1,8;
2023/05/07;0200 UTC;0;989;989;988,9;;23,5;22;23,6;23,4;22;21,5;91;89;91;156;5,5;1,9;
2023/05/07;0300 UTC;0;989;989,2;989;;22,9;21,8;23,5;22,9;22;21,7;93;91;93;172;4,8;1,2;
2023/05/07;0400 UTC;0;988,5;989;988,5;;22,8;22,1;22,9;22,6;22,1;21,6;96;93;96;178;3,9;1,9;
2023/05/07;0500 UTC;0;988;988,5;988;;22,6;22,4;22,8;22,6;22,4;22,1;99;96;99;170;4,9;2,7;
2023/05/07;0600 UTC;0;987,5;988;987,5;;22,6;22,6;22,7;22,5;22,7;22,3;100;99;100;190;4,9;2,2;
2023/05/07;0700 UTC;0;987,4;987,5;987,4;;22,5;;22,7;22,5;;;;;;206;4,9;1,9;
2023/05/07;0800 UTC;0;987,8;987,8;987,3;;22,5;;22,6;22,5;;;;;;197;3,6;1,6;
2023/05/07;0900 UTC;0;988,3;988,4;987,8;1,8;22,4;;22,6;22,4;;;;;;219;4;2,1;
2023/05/07;1000 UTC;0;989,1;989,1;988,3;117,2;22,7;;22,7;22,4;;;;;;198;5,4;2,6;
2023/05/07;1100 UTC;0;989,7;989,7;989,1;509,4;23,7;;23,8;22,6;;;;;;200;5,4;3;
2023/05/07;1200 UTC;0;990,1;990,2;989,7;576,9;24,2;;24,2;23,6;;;;;;213;5,4;2,6;
2023/05/07;1300 UTC;0;990,1;990,2;990;2076,7;26,8;26,8;26,8;24,1;;;;;100;192;5,4;2,8;
2023/05/07;1400 UTC;0;989,6;990,1;989,6;1305,4;26;24,7;27,4;25,7;27,3;24,4;100;93;93;195;6,6;3;
2023/05/07;1500 UTC;0;988,4;989,6;988,4;1814,2;28,4;26,1;28,7;25,9;26,6;24,6;93;88;88;193;5,9;2,6;
2023/05/07;1600 UTC;0;987,6;988,4;987,6;1572,2;27,5;24,1;29,4;27,2;26,9;23,9;88;82;82;165;6;2,7;
2023/05/07;1700 UTC;1;987;987,6;987;1347;26;23,3;29,6;25;26;21,4;85;78;85;177;8,1;1,7;
2023/05/07;1800 UTC;0;987,3;987,3;986,9;841;24,9;22,2;26,6;24,9;24;22,1;86;84;85;111;8,6;4;
2023/05/07;1900 UTC;6;987,7;987,7;987,3;316,7;23,2;22,1;24,9;23,2;22,3;21,1;93;85;93;95;8,6;3,5;
2023/05/07;2000 UTC;,6;988,3;988,3;987,7;204,3;22,7;22,7;23,2;22,7;22,7;22,1;100;93;100;109;6,7;3,1;
2023/05/07;2100 UTC;1,2;988,3;988,4;988,2;15,6;22,6;;22,7;22,6;;;;;;144;5,7;,8;
2023/05/07;2200 UTC;0;989;989;988,3;;22,6;;22,8;22,5;;;;;;148;4,3;1,5;
2023/05/07;2300 UTC;,4;989,3;989,3;989;;22,5;;22,7;22,4;;;;;;163;4,2;1,6;
2023/05/08;0000 UTC;0;989,4;989,5;989,3;;22,6;;22,6;22,4;;;;;;168;3,4;1,4;
2023/05/08;0100 UTC;0;989,4;989,5;989,3;;22,8;;22,9;22,6;;;;;;190;4,2;1,9;
2023/05/08;0200 UTC;0;989,2;989,4;989,2;;22,7;;22,8;22,7;;;;;;180;4,9;2,2;
2023/05/08;0300 UTC;0;989;989,2;989;;22,7;;22,7;22,6;;;;;;177;5,4;2,2;
2023/05/08;0400 UTC;0;988,5;989;988,5;;22,7;;22,7;22,6;;;;;;171;4,8;1,7;
2023/05/08;0500 UTC;0;987,7;988,5;987,7;;22,7;;22,7;22,6;;;;;;164;5;2,2;
2023/05/08;0600 UTC;0;987,7;987,7;987,6;0;22,8;;22,8;22,7;;;;;;173;5;1,7;
2023/05/08;0700 UTC;0;987,9;987,9;987,7;;22,7;;22,8;22,6;;;;;;171;5,3;1,7;
2023/05/08;0800 UTC;0;988,2;988,2;987,9;,1;22,7;;22,7;22,6;;;;;;167;4,5;1,6;
2023/05/08;0900 UTC;0;988,8;988,8;988,2;5;22,6;;22,7;22,6;;;;;;163;4,6;2,1;
2023/05/08;1000 UTC;0;989,4;989,4;988,8;235,7;23,1;;23,1;22,6;;;;;;178;5,3;2,3;
2023/05/08;1100 UTC;0;990,2;990,2;989,4;652,4;23,8;;23,8;23,1;;;;;;157;4,9;2,1;
2023/05/08;1200 UTC;0;990,6;990,6;990,2;1410,3;25,3;;25,5;23,7;;;;;;193;4,3;2,3;
2023/05/08;1300 UTC;0;990,6;990,6;990,5;1411,7;25,6;;25,9;24,7;;;;;;215;4,7;1,9;
2023/05/08;1400 UTC;0;990,1;990,6;990,1;1806,8;25,8;;26,4;25,5;;;;;;197;5,5;3,3;
2023/05/08;1500 UTC;0;989,1;990,1;989,1;2277,1;27;27;27,9;25,8;;;;;100;197;5,5;2,2;
2023/05/08;1600 UTC;0;988,2;989,1;988,2;2011,3;29;28,1;29;27;28,2;27;100;95;95;233;4,3;1,5;
2023/05/08;1700 UTC;0;987,5;988,2;987,5;1699,4;28,3;26,5;29,5;27,9;28,3;25,9;95;89;90;141;6,7;3,2;
2023/05/08;1800 UTC;0;987,4;987,5;987,4;1015,2;26,5;24,3;28,4;26,5;26,7;24,2;90;87;88;135;5,9;3,4;
2023/05/08;1900 UTC;0;987,5;987,5;987,3;691,3;26;24;26,7;26;24,5;23,9;89;87;89;134;7,1;3,7;
2023/05/08;2000 UTC;0;987,8;987,8;987,5;302;25,3;23,4;26,2;25,3;24,2;23,4;89;88;89;127;6,6;3,2;
2023/05/08;2100 UTC;0;988,2;988,2;987,8;33;24,9;23;25,4;24,9;23,4;22,9;89;88;89;126;5,8;1,9;
2023/05/08;2200 UTC;0;988,9;988,9;988,2;;24,6;23,3;24,9;24,6;23,3;23;92;89;92;142;5,5;1,3;
2023/05/08;2300 UTC;0;989,4;989,4;988,9;;24,4;23,5;24,6;24,4;23,5;23,2;94;92;94;147;4,5;2,2;
2023/05/09;0000 UTC;0;989,7;989,7;989,4;;24,1;23,6;24,4;24,1;23,6;23,5;97;94;97;159;4,8;1,5;
2023/05/09;0100 UTC;0;989,9;990;989,7;;23,8;23,6;24,2;23,8;23,7;23,6;99;97;99;179;4;1,8;
2023/05/09;0200 UTC;0;989,9;989,9;989,8;;23,6;23,6;23,9;23,6;23,7;23,6;100;99;100;169;5,1;2,4;
2023/05/09;0300 UTC;0;989,9;990;989,9;;23,4;;23,7;23,4;23,7;23,5;100;100;;183;4,9;2,4;
2023/05/09;0400 UTC;0;989,1;989,9;989,1;;23,1;;23,5;23,1;;;;;;178;5;1,7;
2023/05/09;0500 UTC;0;988,7;989,1;988,7;;22,8;;23,1;22,8;;;;;;179;3,6;1,2;
2023/05/09;0600 UTC;0;988,4;988,7;988,4;;22,8;;22,8;22,8;;;;;;174;3,2;1,5;
2023/05/09;0700 UTC;0;988,2;988,4;988,1;;22,7;;22,9;22,7;;;;;;176;3,4;1,1;
2023/05/09;0800 UTC;0;988;988,2;987,8;;22,1;;22,7;22,1;;;;;;105;2;,8;
2023/05/09;0900 UTC;0;988,4;988,4;987,9;2;21,5;;22,1;21,5;;;;;;127;1,3;,5;
2023/05/09;1000 UTC;0;989,1;989,1;988,4;254,7;22,8;;22,9;21,5;;;;;;233;2,6;1,3;
2023/05/09;1100 UTC;0;989,8;989,8;989,1;554,6;23,4;;23,4;22,5;;;;;;183;4,2;2,3;
2023/05/09;1200 UTC;,2;990,1;990,2;989,8;1182,7;25;;25,1;23,4;;;;;;190;4,7;2,3;
2023/05/09;1300 UTC;0;989,9;990,1;989,8;1270,2;25,6;;25,8;24,9;;;;;;179;5;1,9;
2023/05/09;1400 UTC;0;989,2;989,9;989,2;1260,5;26,5;;26,5;25,4;;;;;;165;5;1,8;
2023/05/09;1500 UTC;0;988,3;989,2;988,3;2400,5;29,7;29,2;29,7;26,5;;;;;97;264;4,4;1,4;
2023/05/09;1600 UTC;0;987,6;988,3;987,6;861,4;27,7;25,7;29,8;27,1;29,2;25,6;97;89;89;169;5,2;2;
2023/05/09;1700 UTC;0;986,8;987,6;986,8;2465,5;29,7;26,6;29,7;27,6;26,9;25,6;89;83;83;194;5,7;2,9;
2023/05/09;1800 UTC;0;986,5;986,8;986,4;1998;27,4;23,5;30;27,4;26,4;23,5;83;79;79;182;7,2;3,4;
2023/05/09;1900 UTC;0;986,7;986,7;986,5;552,6;26,6;22,6;27,4;26,5;23,5;22,6;80;79;79;153;6,7;2,7;
2023/05/09;2000 UTC;0;987,3;987,3;986,7;259,8;25,8;22;26,7;25,8;22,8;22;80;79;80;129;5,5;2,7;
2023/05/09;2100 UTC;0;987,6;987,6;987,3;16,4;24,8;21,6;25,8;24,8;22,1;21,6;83;80;83;150;6,1;2,8;
2023/05/09;2200 UTC;0;987,9;987,9;987,5;;24,4;21,8;24,8;24,4;21,8;21,5;85;83;85;134;5,3;2,3;
2023/05/09;2300 UTC;0;988,3;988,3;987,9;;24,3;22,4;24,4;24,2;22,4;21,8;89;85;89;125;4,6;1,7;
2023/05/10;0000 UTC;0;988,6;988,6;988,3;;24;22,8;24,3;24;22,8;22,4;93;89;93;129;4,7;2,3;
2023/05/10;0100 UTC;0;988,9;988,9;988,6;;23,8;23,2;24,1;23,8;23,2;22,8;97;93;97;132;4,7;1,7;
2023/05/10;0200 UTC;0;988,8;988,9;988,8;;23,8;23,8;23,9;23,8;23,8;23,3;100;97;100;148;4,2;1,8;
2023/05/10;0300 UTC;0;988,7;988,8;988,7;;23,6;;23,8;23,6;23,8;23,6;100;100;;136;4,2;1,5;
2023/05/10;0400 UTC;0;988,3;988,7;988,3;;23,1;;23,6;23;;;;;;143;3,1;,9;
2023/05/10;0500 UTC;0;987,6;988,3;987,6;;23,1;;23,3;23;;;;;;137;2;,5;
2023/05/10;0600 UTC;0;987,3;987,6;987,3;;23,1;;23,3;23,1;;;;;;134;2,1;,9;
2023/05/10;0700 UTC;0;987,4;987,4;987,3;;22,9;;23,1;22,4;;;;;;213;2,6;1,6;
2023/05/10;0800 UTC;0;987,5;987,5;987,2;;22,7;;23;22,7;;;;;;165;2,6;,8;
2023/05/10;0900 UTC;0;987,9;987,9;987,5;,4;22,9;;22,9;22,6;;;;;;184;2,1;1,1;
2023/05/10;1000 UTC;0;988,4;988,5;987,9;103,7;23,4;;23,4;22,9;;;;;;172;3,6;1;
2023/05/10;1100 UTC;0;988,9;988,9;988,4;283,9;23,6;;23,9;23,4;;;;;;197;5,6;2,5;
2023/05/10;1200 UTC;0;989,2;989,3;988,9;1118,7;25,7;;25,9;23,6;;;;;;178;5,8;2,5;
2023/05/10;1300 UTC;0;989;989,3;989;1751,9;26,9;;26,9;25,5;;;;;;209;5,6;2,3;
2023/05/10;1400 UTC;0;988,2;989;988,2;1796,1;27,3;27;27,5;26,4;;;;;98;188;5,4;2,3;
2023/05/10;1500 UTC;0;987,5;988,1;987,5;1519,1;26,8;25,4;28,1;26,7;27,9;25,4;99;92;92;173;6,2;3,3;
2023/05/10;1600 UTC;0;986,7;987,5;986,7;1848,7;27,5;25,1;29;26,6;27,1;25,1;92;87;87;125;6,4;3,1;
2023/05/10;1700 UTC;0;985,7;986,7;985,7;1188,5;27,3;24,8;27,6;26,8;25,4;24,6;88;86;86;127;6,4;3,6;
2023/05/10;1800 UTC;0;985,1;985,7;985;1274,1;28,1;25;28,1;27,3;25,3;24,6;87;83;83;122;6,4;2,5;
2023/05/10;1900 UTC;0;984,9;985,1;984,9;886,1;28,3;24,3;28,4;27,5;25,1;23,7;83;79;79;131;5,3;2,7;
2023/05/10;2000 UTC;0;985,3;985,3;984,9;475,5;26,8;22,6;28,4;26,8;24,4;22,6;79;77;78;146;5,7;2,9;
2023/05/10;2100 UTC;0;985,6;985,6;985,3;22,2;25,7;22;26,8;25,7;22,7;22;80;78;80;139;6,1;2,1;
2023/05/10;2200 UTC;0;986;986;985,6;;25,1;21,9;25,7;25,1;22;21,8;83;80;83;143;6,3;2,5;
2023/05/10;2300 UTC;0;986,4;986,4;986;;24,6;22;25,1;24,6;22;21,9;85;83;85;139;5,3;2,1;
2023/05/11;0000 UTC;0;986,8;986,8;986,3;;24,4;22,2;24,6;24,4;22,2;22;88;85;88;151;4,4;1,7;
2023/05/11;0100 UTC;0;987,1;987,1;986,8;;24;22,2;24,5;24;22,4;22,2;89;88;89;125;5,2;1,3;
2023/05/11;0200 UTC;0;987,1;987,1;987;;23,9;22,4;24;23,9;22,5;22,2;91;89;91;123;4,3;1,1;
2023/05/11;0300 UTC;0;986,4;987,1;986,4;;23,5;22,3;23,9;23,4;22,4;22,2;93;91;93;111;4,4;1,2;
2023/05/11;0400 UTC;0;986,1;986,4;986,1;;23,7;22,8;23,7;23,5;22,8;22,3;95;93;95;103;2,7;,9;
2023/05/11;0500 UTC;0;985,4;986,1;985,4;;23,1;22,4;23,7;23,1;22,8;22,3;96;94;96;158;3,5;1,7;
2023/05/11;0600 UTC;0;985,2;985,4;985,2;;23,2;22,7;23,2;23,1;22,7;22,4;97;96;97;156;3;1,2;
2023/05/11;0700 UTC;0;985,1;985,2;984,9;;23,3;22,9;23,4;23,2;22,9;22,7;97;97;97;6;3,2;,3;
2023/05/11;0800 UTC;0;985,5;985,5;985,1;;23,3;23;23,3;23,1;23;22,7;98;97;98;285;2,2;,6;
2023/05/11;0900 UTC;0;986,1;986,1;985,5;1,5;23;23;23,3;23;23,1;22,9;100;98;100;323;2;,9;
2023/05/11;1000 UTC;0;986,7;986,7;986,1;134,4;23,1;23,1;23,3;22,9;23,3;22,9;100;100;100;277;2,3;1,4;
2023/05/11;1100 UTC;0;987;987;986,7;736,5;24,2;24,2;24,3;23,1;;;;;100;269;3,5;1,6;
2023/05/11;1200 UTC;0;987,5;987,5;987;636,1;24,6;24,6;24,7;24;24,7;24;100;100;100;258;3,4;1,4;
2023/05/11;1300 UTC;0;987,3;987,6;987,3;1481,9;26,3;25,8;26,7;24,4;26,4;24,4;100;97;97;226;3,4;1,2;
2023/05/11;1400 UTC;0;986,8;987,3;986,8;1586,6;27,5;26,3;27,5;26,1;26,3;25,3;97;93;93;210;3,8;1,3;
2023/05/11;1500 UTC;0;985,8;986,8;985,8;2351,5;28,6;26;29,3;27,3;27,3;25,4;93;85;86;190;5,2;2,4;
2023/05/11;1600 UTC;0;984,9;985,8;984,9;3193;30,6;26,3;30,6;28,4;27,1;25,6;86;78;78;205;7;1,4;
2023/05/11;1700 UTC;0;984,1;984,9;984,1;1958;29,4;24;30,7;29,3;26,4;24;78;73;73;169;6,8;2,7;
2023/05/11;1800 UTC;0;983,8;984,2;983,8;1997,1;30,5;24;31;29,4;25,1;23,7;73;68;68;188;5,9;2,3;
2023/05/11;1900 UTC;0;984;984;983,7;1292,1;29,2;22,5;30,6;29,1;23,9;22,4;68;67;67;145;7,3;3,3;
2023/05/11;2000 UTC;0;984,7;984,7;984;385,3;26,1;20,3;29,2;26,1;22,2;20,2;70;67;70;151;8;4,1;
2023/05/11;2100 UTC;0;985,2;985,2;984,7;34,8;24,5;20;26,1;24,5;20,3;20;76;70;76;136;8;2,3;
2023/05/11;2200 UTC;0;985,8;985,9;985,2;;23,9;20,4;24,5;23,9;20,4;20;81;76;81;138;5,5;2,5;
2023/05/11;2300 UTC;0;986,7;986,7;985,8;;23,7;20,9;23,9;23,5;20,9;20,4;85;81;85;106;6,2;2,3;
2023/05/12;0000 UTC;0;987;987;986,7;;23,4;21,3;23,7;23,4;21,3;20,9;88;85;88;120;5,6;1,7;
2023/05/12;0100 UTC;0;987,3;987,3;987;;23,1;21,7;23,4;23,1;21,7;21,3;92;88;92;86;3,9;1;
2023/05/12;0200 UTC;0;987,4;987,4;987,2;;23;22,1;23,3;23;22,1;21,7;95;92;95;48;2;,4;
2023/05/12;0300 UTC;0;987,3;987,5;987,3;;23,1;22,7;23,2;22,9;22,8;22;98;95;98;20;1,8;,6;
2023/05/12;0400 UTC;0;987;987,3;987;;22,9;22,9;23,1;22,9;23,1;22,6;100;98;100;140;1,3;,4;
2023/05/12;0500 UTC;0;986,6;987,1;986,6;;23;;23;22,8;;;100;100;;124;2,4;1,4;
2023/05/12;0600 UTC;0;986,7;986,7;986,5;;22,6;;23,1;22,2;;;;;;73;2,3;,5;
2023/05/12;0700 UTC;0;986,7;986,8;986,7;;22,7;;22,8;22,6;;;;;;358;1,1;,5;
2023/05/12;0800 UTC;0;986,9;986,9;986,7;;22,8;;22,9;22,7;;;;;;294;1;,4;
2023/05/12;0900 UTC;0;987,2;987,3;986,9;1,2;22,8;;22,9;22,8;;;;;;278;1,8;,6;
2023/05/12;1000 UTC;0;987,6;987,6;987,2;154,4;23,4;;23,4;22,8;;;;;;241;1,1;,5;
2023/05/12;1100 UTC;0;987,8;987,8;987,6;697;24,9;;24,9;23,2;;;;;;38;1,8;,5;
2023/05/12;1200 UTC;0;988,4;988,4;987,8;887,7;25,7;;26,1;24,8;;;;;;196;2,7;,6;
2023/05/12;1300 UTC;0;988;988,5;988;2057,2;27,3;27,3;28,1;25,7;;;;;100;312;3,6;1,8;
2023/05/12;1400 UTC;0;987,5;988;987,5;846,9;27,7;26,6;27,8;26,9;27,7;26,4;100;94;94;208;3,2;,9;
2023/05/12;1500 UTC;0;986,4;987,5;986,4;2601,6;29,4;26,4;31,1;27,7;28,6;26,3;95;84;84;181;3,9;1,8;
2023/05/12;1600 UTC;0;985,9;986,4;985,8;2465,8;30,3;26,4;32;29,3;28,6;26,3;84;80;80;157;6,4;2,3;
2023/05/12;1700 UTC;0;985,2;985,9;985,2;2159,4;31,3;25,8;32,3;30,3;27,8;25,1;80;73;73;137;6,4;2,2;
2023/05/12;1800 UTC;0;984,8;985,2;984,8;1484,4;31,6;24,7;32,2;30,6;26;24;73;67;67;172;6,1;1,9;
2023/05/12;1900 UTC;0;984,9;984,9;984,8;1175,2;31,3;22,9;31,9;31,1;24,7;22,7;67;61;61;117;5,4;2,7;
2023/05/12;2000 UTC;0;985,3;985,3;984,9;474,5;29,6;21,4;31,4;29,6;22,9;21,3;61;61;61;123;5,4;2,7;
2023/05/12;2100 UTC;0;986,2;986,2;985,3;24,4;26,9;20,5;29,6;26,9;21,4;20,2;68;61;68;106;7,6;3,1;
2023/05/12;2200 UTC;0;987,2;987,2;986,2;;25,9;20,9;26,9;25,9;21;20,6;74;68;74;107;6,6;2,7;
2023/05/12;2300 UTC;0;987,8;987,8;987,2;;25,4;21,4;25,9;25,4;21,4;20,9;78;74;78;93;5,5;2,6;
2023/05/13;0000 UTC;0;988,5;988,5;987,8;;25,1;21,7;25,4;25,1;21,7;21,4;81;78;81;95;5,3;2,8;
2023/05/13;0100 UTC;0;988,9;988,9;988,5;;25;22,2;25,1;25;22,2;21,7;84;81;84;120;5,4;1,6;
2023/05/13;0200 UTC;0;988,8;989;988,7;;24,8;22,5;25;24,8;22,5;22,2;87;84;87;99;4,3;1,5;
2023/05/13;0300 UTC;0;988,9;988,9;988,6;;24,7;22,7;24,9;24,7;22,7;22,5;89;87;89;128;3,5;1,2;
2023/05/13;0400 UTC;0;988,8;989;988,7;;24,7;23,1;24,7;24,6;23,1;22,7;91;89;91;131;3;1,4;
2023/05/13;0500 UTC;0;987,9;988,8;987,9;;24,5;23,5;24,7;24,5;23,5;23,1;94;91;94;106;3,4;1,3;
2023/05/13;0600 UTC;0;987,8;988,1;987,6;;24,3;23,7;24,5;24,3;23,7;23,5;97;94;97;152;2,2;,9;
2023/05/13;0700 UTC;,2;987,9;988;987,8;;24,2;24,2;24,3;24,2;24,2;23,8;100;97;100;56;1,8;1,1;
2023/05/13;0800 UTC;1;988,2;988,2;987,8;;24;;24,2;24;24,2;24;100;100;;355;4;1,4;
2023/05/13;0900 UTC;,4;988,8;988,8;988,2;;23,9;;24,1;23,9;;;;;;253;2,6;,6;
2023/05/13;1000 UTC;0;989,1;989,1;988,8;131,6;24,2;;24,3;23,9;;;;;;334;1,6;1,2;
2023/05/13;1100 UTC;0;989,6;989,6;989,1;425,7;24,6;;24,8;24,2;;;;;;29;2,4;1,3;
2023/05/13;1200 UTC;0;989,8;989,9;989,6;900,7;25,8;;25,9;24,6;;;;;;343;3,2;2;
2023/05/13;1300 UTC;0;989,8;989,9;989,7;1333,7;27,5;;27,6;25,7;;;;;;323;3,2;1;
2023/05/13;1400 UTC;0;989,4;989,8;989,4;1918,2;28,3;27,7;28,9;27,5;;;;;96;178;2,8;1,2;
2023/05/13;1500 UTC;0;988,3;989,4;988,3;2261,4;30,2;27,8;30,3;28,3;28,5;27,2;96;87;87;150;4,2;1,3;
2023/05/13;1600 UTC;0;987,2;988,3;987,2;1680,4;30,4;26,4;30,7;29,7;27,8;26,2;87;80;80;125;3,8;1,3;
2023/05/13;1700 UTC;0;986,4;987,2;986,4;1495,3;30,3;25,1;30,8;30,2;26,4;25,1;79;74;74;142;3,8;2;
2023/05/13;1800 UTC;0;986;986,4;986;1614,4;31,1;24,3;31,7;30,2;26,1;24,3;74;67;67;115;5,1;2;
2023/05/13;1900 UTC;0;986,3;986,3;985,9;805,2;30,1;22,4;31,1;30,1;24,1;22,4;67;63;63;114;5,4;2,8;
2023/05/13;2000 UTC;0;987;987;986,3;450,6;29,1;21,3;30,4;29,1;22,4;21,3;63;62;63;131;5,9;3,4;
2023/05/13;2100 UTC;0;987,4;987,4;987;35,6;26,6;20,7;29,1;26,6;21,3;20,5;70;63;70;123;8;3,5;
2023/05/13;2200 UTC;0;988,4;988,4;987,4;;25,9;21,3;26,6;25,9;21,3;20,8;76;70;76;128;7,6;3,2;
2023/05/13;2300 UTC;0;989,2;989,2;988,4;;25,2;21,6;25,9;25,2;21,6;21,3;81;76;81;109;6,4;3,1;
2023/05/14;0000 UTC;0;989,4;989,5;989,2;;24,7;21,7;25,2;24,6;21,7;21,6;84;81;84;110;5,9;2,2;
2023/05/14;0100 UTC;0;989,8;989,8;989,3;;24,3;22;24,7;24,3;22;21,7;87;84;87;116;4,6;1,7;
2023/05/14;0200 UTC;0;990;990;989,8;;24;22,3;24,3;24;22,3;22;90;87;90;94;4,1;1,2;
2023/05/14;0300 UTC;0;989,9;990;989,8;;23,6;22,4;24;23,6;22,4;22,3;93;90;93;87;2,4;,7;
2023/05/14;0400 UTC;0;989,7;990;989,7;;23;22,2;23,6;22,9;22,4;22,1;95;93;95;121;1,3;,6;
2023/05/14;0500 UTC;0;989,4;989,7;989,4;;22,2;21,8;23;22,2;22,4;21,8;98;95;97;269;1,1;,6;
2023/05/14;0600 UTC;0;989,1;989,5;989,1;;22,3;22,3;22,5;22,1;22,5;21,8;100;97;100;218;1,1;,4;
2023/05/14;0700 UTC;0;989,2;989,2;989;;21,7;;22,3;21,6;;;;;;283;,7;,3;
2023/05/14;0800 UTC;0;989,6;989,6;989,2;;21,6;;21,8;21,5;;;;;;216;,7;,4;
2023/05/14;0900 UTC;0;990,5;990,5;989,6;;22,3;;22,4;21,4;;;;;;282;1,1;,4;
2023/05/14;1000 UTC;0;991,2;991,2;990,6;153,3;23,4;;23,5;22,3;;;;;;3;,8;,4;
2023/05/14;1100 UTC;0;992,1;992,1;991,2;829,6;26,2;;26,2;23,4;;;;;;67;2,5;1;
2023/05/14;1200 UTC;0;992,3;992,3;992,1;1603,7;27,5;;28,2;25,7;;;;;;74;4,5;2,2;
2023/05/14;1300 UTC;0;992,4;992,5;992,3;1830,1;28,8;27,5;29,1;27,3;28,9;27,2;100;93;93;109;5;2,7;
2023/05/14;1400 UTC;0;992,1;992,4;992,1;1556;29,6;26,8;29,9;28,5;28,4;25,7;93;85;85;157;6;3,4;
2023/05/14;1500 UTC;0;991,6;992,2;991,6;1378,8;28,7;25,3;29,5;27,2;26,4;24,3;85;82;82;134;7,4;3,8;
2023/05/14;1600 UTC;0;990,6;991,6;990,6;2299;27,4;23,4;29,4;27,2;25,7;23,2;82;78;79;139;9,4;4,3;
2023/05/14;1700 UTC;0;989,8;990,6;989,8;2351,9;28,7;23,7;29,3;27,4;24,8;23,4;79;74;74;130;8,4;3,6;
2023/05/14;1800 UTC;0;989,3;989,8;989,3;1952;29,3;23;29,5;28,7;23,9;23;75;69;69;132;8,2;3,7;
2023/05/14;1900 UTC;0;989,4;989,4;989,3;1254,2;28,7;21,8;29,7;28,5;23,3;21,7;69;66;66;103;8,1;4;
2023/05/14;2000 UTC;0;989,5;989,6;989,3;465,8;27;20,3;28,7;26,9;21,8;20,2;67;66;67;125;7,6;3,4;
2023/05/14;2100 UTC;0;990,3;990,3;989,5;22;25,9;20;27;25,9;20,3;19,9;70;67;70;126;5,7;2,6;
2023/05/14;2200 UTC;0;991;991;990,3;;25,1;20,1;25,9;25,1;20,1;20;74;70;74;133;5,1;1,7;
2023/05/14;2300 UTC;0;991,9;991,9;991;;24,7;20,6;25,1;24,7;20,6;20,1;78;74;78;137;4,6;2,3;
2023/05/15;0000 UTC;0;992,2;992,3;991,8;;24,3;20,9;24,7;24,3;20,9;20,6;81;78;81;123;4,9;2,5;
2023/05/15;0100 UTC;0;992,1;992,2;991,8;;23,8;21;24,3;23,8;21;20,9;84;81;84;124;4,8;1,6;
2023/05/15;0200 UTC;0;992;992,1;991,8;;23,6;21,3;23,8;23,6;21,3;21;87;84;87;144;3,6;1,1;
2023/05/15;0300 UTC;0;991,4;992,1;991,4;;23,6;21,7;23,7;23,6;21,7;21,3;89;87;89;127;2,8;1,1;
2023/05/15;0400 UTC;0;990,4;991,4;990,4;;23,2;21,6;23,6;23,2;21,7;21,5;91;89;91;120;2,9;1,2;
2023/05/15;0500 UTC;0;990;990,4;990;;23,1;22;23,2;22,9;22,1;21,6;94;91;94;135;2,5;,8;
2023/05/15;0600 UTC;0;989,9;990;989,5;;23,2;22,6;23,3;23,1;22,6;22,1;96;94;96;155;2,4;,6;
2023/05/15;0700 UTC;0;990;990;989,8;;22,9;22,7;23,3;22,9;23;22,5;98;96;98;295;2;,8;
2023/05/15;0800 UTC;0;990,2;990,2;989,9;;22,7;22,7;23,2;22,7;23,2;22,7;100;98;100;46;3;1,5;
2023/05/15;0900 UTC;0;990,8;990,8;990,2;;22,5;;22,7;22,1;22,7;22,1;100;100;;12;3;,5;
2023/05/15;1000 UTC;0;991,3;991,3;990,8;169,7;23,8;;23,8;22,5;;;;;;215;1,8;,6;
2023/05/15;1100 UTC;0;992;992;991,3;300,2;24,4;;24,5;23,8;;;;;;154;2,2;1,1;
2023/05/15;1200 UTC;0;992,2;992,2;992;586,4;25,2;;25,2;24,4;;;;;;154;3;1,6;
2023/05/15;1300 UTC;0;992,2;992,3;992,2;1476,9;27,1;27,1;27,7;25,2;;;;;100;87;3,3;1,2;
2023/05/15;1400 UTC;0;991,3;992,2;991,3;2709;29,7;27,8;30;27,1;28,7;27,1;100;89;89;78;5,1;2;
2023/05/15;1500 UTC;0;990,1;991,3;990,1;1989,2;30,4;26,7;30,4;28,6;28,2;25,8;89;80;80;72;5,2;2,3;
2023/05/15;1600 UTC;0;989;990,1;989;2871,9;31;24,6;32,1;30,2;27,3;24,6;80;69;69;81;5,4;2,5;
2023/05/15;1700 UTC;0;988;989;988;2296,8;30,7;22,1;32,5;30,5;25,4;22,1;69;60;60;96;7,3;3,4;
2023/05/15;1800 UTC;0;987,8;988,1;987,8;762,7;29,9;21,4;30,7;29,4;21,8;21,1;62;60;60;77;8,4;3,3;
2023/05/15;1900 UTC;0;987,8;987,9;987,7;1167,3;30,2;20,4;31;29,8;22,1;20,3;60;56;56;80;6;2,8;
2023/05/15;2000 UTC;0;988,4;988,4;987,8;426,4;27,4;19,1;30,3;27,4;20,5;18,9;61;56;61;126;7,4;3,6;
2023/05/15;2100 UTC;0;988,9;988,9;988,4;26,3;26,3;19,5;27,4;26,3;19,5;19;66;61;66;134;7,1;2,9;
2023/05/15;2200 UTC;0;989,5;989,5;988,8;;25,8;20,1;26,3;25,8;20,2;19,5;71;66;71;134;7,7;3,8;
2023/05/15;2300 UTC;0;990,3;990,3;989,5;;25,2;20,3;25,8;25,2;20,3;20,1;75;71;75;127;7,3;2,7;
2023/05/16;0000 UTC;0;990,7;990,7;990,3;;24,8;20,7;25,2;24,8;20,7;20,3;78;75;78;115;5,5;2,6;
2023/05/16;0100 UTC;0;990,6;990,8;990,6;;24,4;20,8;24,8;24,4;20,8;20,7;81;78;81;102;5,2;1,9;
2023/05/16;0200 UTC;0;990,4;990,6;990,4;;23,9;21;24,4;23,9;21;20,8;84;81;84;124;3,4;1,4;
2023/05/16;0300 UTC;0;990,1;990,5;990,1;;23,5;21;23,9;23,5;21,3;21;86;84;86;69;2,8;,9;
2023/05/16;0400 UTC;0;989,3;990,1;989,3;;22,7;20,7;23,5;22,7;21;20,5;88;86;88;79;1,6;,7;
2023/05/16;0500 UTC;0;988,6;989,2;988,6;;21,9;20,3;22,8;21,8;20,7;20,1;90;88;90;43;1,3;,4;
2023/05/16;0600 UTC;0;988,2;988,6;988,2;;21,7;20,6;22,1;21,5;20,9;19,9;93;90;93;96;1,1;,4;
2023/05/16;0700 UTC;0;988,2;988,3;988;;21;20,5;21,7;20,8;20,7;20,1;97;93;97;353;1,2;,5;
2023/05/16;0800 UTC;0;988,6;988,6;988,2;;20,7;20,7;21,6;20,7;21,3;20,5;100;97;100;187;1,6;,3;
2023/05/16;0900 UTC;0;988,9;988,9;988,5;,2;20,3;;20,9;20,3;20,8;20,4;100;100;;209;,9;,2;
2023/05/16;1000 UTC;0;989,6;989,7;988,9;285;22,8;;22,8;20,3;;;;;;295;1;,5;
2023/05/16;1100 UTC;0;990,2;990,3;989,6;1028,6;25,3;;25,4;22,8;;;;;;59;3,4;1,6;
2023/05/16;1200 UTC;0;990,5;990,5;990,2;1541,9;26,4;26,1;26,9;25,3;;;;;98;74;5,2;2,2;
2023/05/16;1300 UTC;0;990,3;990,6;990,3;2016,1;28,7;26,7;29,1;26,1;27,4;25,7;100;89;89;67;5,3;2,8;
2023/05/16;1400 UTC;0;989,4;990,4;989,4;2759,2;29,9;25,6;30,3;28,4;27;25,5;89;78;78;88;5,3;2,4;
2023/05/16;1500 UTC;0;988,3;989,4;988,3;2544,2;30,7;24,7;31,1;29,2;26;24,4;78;70;70;95;5,9;1,5;
2023/05/16;1600 UTC;0;987,5;988,4;987,5;2371,1;30,9;22,8;31,5;29,8;24,7;22,3;70;62;62;74;5,6;2,8;
2023/05/16;1700 UTC;0;986,5;987,5;986,5;2397,8;31,8;21,3;32,4;30,5;22,9;21,3;62;54;54;106;6,3;2,9;
2023/05/16;1800 UTC;0;985,8;986,5;985,8;1785,9;31,3;19,4;32,2;30,9;21,3;19,3;54;49;49;120;6,2;2,4;
2023/05/16;1900 UTC;0;986;986;985,6;1097,1;29,9;18,1;31,5;29,8;19,4;17,9;49;47;49;141;6,4;3;
2023/05/16;2000 UTC;0;986,5;986,5;986;286,8;28,3;18,4;30;28,3;18,5;17,8;55;49;55;123;6,7;3,4;
2023/05/16;2100 UTC;0;987,4;987,4;986,5;24,7;26,6;18,8;28,3;26,6;18,8;18,3;62;55;62;140;6,7;2,3;
2023/05/16;2200 UTC;0;988,1;988,1;987,3;;25,6;19,2;26,6;25,6;19,2;18,8;68;62;68;123;7;3;
2023/05/16;2300 UTC;0;988,7;988,7;988,1;;25,1;19,3;25,6;25,1;19,4;19,2;70;68;70;100;6,2;2,8;
2023/05/17;0000 UTC;0;989,1;989,1;988,6;;24,4;19,4;25,1;24,4;19,4;19,3;73;70;73;96;5,8;2,1;
2023/05/17;0100 UTC;0;989,3;989,3;989;;24;19,4;24,4;24;19,5;19,3;76;73;76;96;4,4;2;
2023/05/17;0200 UTC;0;989;989,3;989;;23,3;19,3;24;23,3;19,4;19,2;78;76;78;93;3,9;1,6;
2023/05/17;0300 UTC;0;988,8;989,2;988,8;;22,7;19,3;23,3;22,7;19,3;19,2;81;78;81;87;2,6;1,3;
2023/05/17;0400 UTC;0;988,6;988,9;988,6;;22,3;19,3;22,8;22,3;19,4;19,2;83;81;83;79;2,1;1;
2023/05/17;0500 UTC;0;988,2;988,6;988,2;;22,2;19,6;22,3;21,7;19,6;19;86;83;85;111;1,9;1,1;
2023/05/17;0600 UTC;0;987,5;988,2;987,5;;22,4;20,1;22,5;22,2;20,1;19,7;87;85;87;111;1,9;1,1;
2023/05/17;0700 UTC;0;987,7;987,7;987,5;;22;20,1;22,4;21,6;20,2;19,5;89;87;89;92;1,5;,8;
2023/05/17;0800 UTC;0;988;988;987,5;;21,4;19,8;22;21,3;20,2;19,7;91;89;91;39;1,6;,6;
2023/05/17;0900 UTC;0;988,4;988,4;987,9;,5;20,9;19,8;21,5;20,8;20;19,5;94;91;94;57;1;,4;
2023/05/17;1000 UTC;0;989,2;989,2;988,4;306,5;23,1;22,8;23,2;20,8;22,8;19,8;98;94;98;312;,9;,5;
2023/05/17;1100 UTC;0;989,7;989,7;989,2;963,4;25,5;24,8;25,5;23,1;24,8;22,9;98;95;96;142;3,3;1,7;
2023/05/17;1200 UTC;0;989,9;989,9;989,7;1465,5;27,1;25,4;27,7;25,5;26,2;24,4;96;90;90;84;4,8;2,2;
2023/05/17;1300 UTC;0;989,9;989,9;989,8;1373,7;27,5;24,6;28;26,9;26,3;24,5;91;84;84;80;4,8;2,5;
2023/05/17;1400 UTC;0;989,2;990;989,2;2047;28,8;24,6;29,1;27,4;25,4;24,2;84;78;78;115;5;2,3;
2023/05/17;1500 UTC;0;988,3;989,2;988,3;2206,9;30;23,7;30,5;28,5;24,9;23,7;78;69;69;112;5,3;2,6;
2023/05/17;1600 UTC;0;987,6;988,4;987,5;2500,1;30,6;22,2;31,1;29,9;24,4;22,1;69;61;61;110;5,5;2,6;
2023/05/17;1700 UTC;0;986,7;987,6;986,7;1950,3;30,7;20,8;31,3;30;22,3;20,8;61;56;56;117;6;2,8;
2023/05/17;1800 UTC;0;986;986,7;986;2065,6;30,8;19,8;31,5;30,6;21,6;19,8;56;52;52;130;6,5;3,2;
2023/05/17;1900 UTC;0;986,5;986,5;986;1103,5;29,1;18,8;31,1;28,9;20,1;18,4;54;51;54;111;6,9;3,7;
2023/05/17;2000 UTC;0;986,9;986,9;986,4;461,9;28,1;19;29,4;28,1;19,4;18,7;58;54;58;129;6,9;2,7;
2023/05/17;2100 UTC;0;987,3;987,4;986,9;26,1;26,5;18,7;28,1;26,5;19,1;18,6;62;58;62;129;5,9;2,3;
2023/05/17;2200 UTC;0;988,2;988,2;987,3;;25,6;19,2;26,5;25,6;19,2;18,7;68;62;68;128;5,6;2,1;
2023/05/17;2300 UTC;0;988,8;988,8;988,1;;24,9;19,4;25,6;24,9;19,5;19,2;71;68;71;114;5,1;2,1;
2023/05/18;0000 UTC;0;989,4;989,4;988,8;;24,2;19,1;24,9;24,2;19,4;19,1;73;71;73;97;5,3;2;
2023/05/18;0100 UTC;0;989,8;989,8;989,3;;24;19,4;24,2;24;19,4;19,1;75;73;75;122;4,2;2,1;
2023/05/18;0200 UTC;0;989,7;989,9;989,7;;23,7;19,6;24;23,7;19,6;19,4;77;75;77;141;4,2;2;
2023/05/18;0300 UTC;0;989,7;989,7;989,5;;23,3;19,5;23,7;23,3;19,7;19,5;79;77;79;94;3,4;1,4;
2023/05/18;0400 UTC;0;989,4;989,7;989,4;;22,9;19,6;23,3;22,8;19,6;19,4;82;79;82;149;2,3;1;
2023/05/18;0500 UTC;0;989;989,4;988,9;;23,1;20,2;23,2;22,8;20,3;19,5;84;82;84;136;3,2;1;
2023/05/18;0600 UTC;0;988,9;989,1;988,9;;23,3;20,8;23,3;23;20,8;20,2;86;84;86;180;3;1,7;
2023/05/18;0700 UTC;0;988,8;989,1;988,8;;23,4;21,1;23,5;23,2;21,1;20,7;87;86;87;182;4,4;2,2;
2023/05/18;0800 UTC;0;989,2;989,2;988,8;;23,1;21;23,4;23;21,1;20,9;88;87;88;175;5;2,1;
2023/05/18;0900 UTC;0;990;990;989,2;;22,9;21;23,1;22,9;21,1;20,9;89;88;89;188;4,5;1,8;
2023/05/18;1000 UTC;0;990,5;990,5;990;126,7;23,3;21,5;23,3;22,9;21,5;21;90;89;90;186;4,1;2,4;
2023/05/18;1100 UTC;0;991,4;991,4;990,5;338,4;23,6;21,8;23,8;23,3;22,1;21,5;90;90;90;164;5,6;2,4;
2023/05/18;1200 UTC;0;991,6;991,6;991,3;980,4;25,4;23,3;25,7;23,6;23,8;21,8;90;88;88;171;6,1;3,3;
2023/05/18;1300 UTC;0;991,6;991,7;991,6;1001,9;25,7;22,9;25,8;25;23,8;22,7;89;85;85;167;6,3;3,3;
2023/05/18;1400 UTC;0;991;991,7;991;1529;26,5;22,9;27,8;25,7;24,5;22,9;85;81;81;174;6,6;3,3;
2023/05/18;1500 UTC;0;990,7;991;990,6;1043,7;25,7;21,8;27,4;25,5;23,6;21,6;81;78;79;157;9,7;4,2;
2023/05/18;1600 UTC;0;990;990,8;990;1176,6;25,7;21,8;26,4;24,8;22,6;20,8;80;78;79;173;9;4,3;
2023/05/18;1700 UTC;0;989,5;990;989,5;1609,3;25,9;21,4;26,8;25,3;23;21;80;76;76;156;9;4;
2023/05/18;1800 UTC;0;989,2;989,5;989,1;721,5;24,5;20,4;26,3;23,4;21,7;18,8;78;75;78;165;8,5;4;
2023/05/18;1900 UTC;0;989,5;989,5;989,2;462,3;24,2;20,4;24,5;23,2;20,4;19,1;80;77;80;157;8,7;3,3;
2023/05/18;2000 UTC;0;989,9;989,9;989,3;317,9;23,8;19,9;24,3;23,7;20,5;19,8;80;79;79;156;7,4;3,7;
2023/05/18;2100 UTC;0;989,9;990,1;989,9;6,8;23,5;19,8;23,8;23,2;20;19,4;80;79;80;145;7;1,8;
2023/05/18;2200 UTC;0;990,5;990,5;989,9;;22,8;19,4;23,5;22,8;19,8;19,4;81;80;81;151;6,9;3,4;
2023/05/18;2300 UTC;0;991,6;991,6;990,5;;23;19,9;23;22,7;19,9;19,4;83;81;83;158;6,9;2,1;
2023/05/19;0000 UTC;0;991,8;991,8;991,5;;22,5;19,6;23;22,5;20;19,6;84;83;84;158;6,2;2,7;
2023/05/19;0100 UTC;0;991,8;991,8;991,5;;22,5;19,9;22,6;22,5;19,9;19,7;85;84;85;129;6,2;2;
2023/05/19;0200 UTC;1,2;991,6;991,9;991,6;;22;19,8;22,5;22;19,9;19,7;87;85;87;135;4,3;2;
2023/05/19;0300 UTC;,2;991;991,6;991;;22;20,3;22,1;21,9;20,3;19,8;90;87;90;154;3,9;1,5;
2023/05/19;0400 UTC;0;990,6;991,2;990,6;;22;20,6;22,1;22;20,7;20,3;92;90;92;148;5,8;2,8;
2023/05/19;0500 UTC;0;990,1;990,7;990,1;;21,7;20,9;22;21,7;20,9;20,6;95;92;95;133;5,5;1,8;
2023/05/19;0600 UTC;0;989,8;990,2;989,8;;21,7;21,3;21,8;21,6;21,3;20,8;97;95;97;151;4;1,7;
2023/05/19;0700 UTC;0;989,8;990;989,5;;21,5;21,3;21,7;21,5;21,4;21,2;99;97;99;157;4,8;1,9;
2023/05/19;0800 UTC;0;990;990,1;989,8;;21,4;21,4;21,5;21,3;21,4;21,2;100;99;100;163;6,2;2,5;
2023/05/19;0900 UTC;0;990,6;990,6;990;;21,6;21,6;21,6;21,4;21,6;21,4;100;100;100;151;5,5;1,7;
2023/05/19;1000 UTC;0;991,3;991,3;990,5;46,6;21,9;21,9;22;21,6;22;21,6;100;100;100;174;4,9;1,6;
2023/05/19;1100 UTC;0;991,7;991,7;991,2;407,2;23;;23;21,9;;;;;;189;6,5;2,6;
2023/05/19;1200 UTC;0;992,2;992,2;991,7;1009,4;23,4;23,3;24,1;23;24,1;23;100;99;99;184;6,9;3,5;
2023/05/19;1300 UTC;0;992,2;992,4;992,2;964,5;24,9;24,3;24,9;23,3;24,3;23,2;100;96;96;160;7,9;2,6;
2023/05/19;1400 UTC;0;991,8;992,2;991,8;1257;25,3;24,1;26,4;23,8;25,5;22,3;96;91;93;141;7,5;3,1;
2023/05/19;1500 UTC;0;990,8;991,8;990,8;1290,2;25,5;23,5;26;24,9;24,4;22,9;94;88;89;145;7,6;3,5;
2023/05/19;1600 UTC;0;989,9;990,8;989,9;2081,2;26,6;23,6;27,1;25,5;24,8;23,2;89;84;84;146;7,5;2,9;
2023/05/19;1700 UTC;0;988,9;989,9;988,9;1458,1;25,6;22,1;27,6;25,4;24,3;21,9;84;80;81;125;8,3;3,8;
2023/05/19;1800 UTC;0;988,7;989;988,6;836;25,2;21,3;26,1;25,1;22,4;21,2;81;79;79;135;8,7;4,5;
2023/05/19;1900 UTC;0;988,7;988,7;988,6;834,6;24,8;20,4;25,5;24,8;21,5;20,4;79;77;77;129;8,7;4,2;
2023/05/19;2000 UTC;0;989,2;989,2;988,7;277,6;23,8;19,8;24,8;23,8;20,5;19,7;78;77;78;138;8,1;3,5;
2023/05/19;2100 UTC;0;989,5;989,5;989,2;10,4;23;19,2;23,8;23;19,8;19,2;79;78;79;119;7,4;3,1;
2023/05/19;2200 UTC;0;990,1;990,1;989,5;;22,7;19,3;23;22,7;19,3;19,2;81;79;81;119;6,1;2,4;
2023/05/19;2300 UTC;0;990,6;990,6;990,1;;22,7;19,6;22,7;22,6;19,6;19,3;83;81;83;138;4,9;1,6;
2023/05/20;0000 UTC;0;990,9;990,9;990,6;;22,7;19,7;22,7;22,6;19,7;19,5;83;83;83;131;4,1;1,4;
2023/05/20;0100 UTC;0;991,1;991,2;990,9;;22,8;20;22,8;22,7;20;19,7;84;83;84;126;2,8;1,2;
2023/05/20;0200 UTC;0;990,9;991,1;990,9;;22,7;20,1;22,8;22,5;20,1;19,8;85;84;85;145;3,1;1,4;
2023/05/20;0300 UTC;0;990,5;990,9;990,5;;22,7;19,8;23;22,7;20,3;19,8;85;84;84;143;4,6;1,6;
2023/05/20;0400 UTC;0;990,2;990,5;990,2;;22,7;19,8;22,7;22,5;19,8;19,7;84;84;84;172;4,1;1,5;
2023/05/20;0500 UTC;0;989,9;990,3;989,9;;22,5;19,6;22,8;22,5;19,9;19,6;84;84;84;192;4;1,7;
2023/05/20;0600 UTC;0;989,6;989,9;989,6;;22,1;19,3;22,5;22,1;19,6;19,3;84;84;84;194;4;1,7;
2023/05/20;0700 UTC;0;989,7;989,8;989,6;;21,5;18,8;22,2;21,5;19,3;18,8;84;84;84;223;4,5;1,5;
2023/05/20;0800 UTC;0;989,7;989,8;989,7;;21,2;18,8;21,5;21,1;18,8;18,5;86;84;86;186;7,2;3,8;
2023/05/20;0900 UTC;0;990,1;990,1;989,7;;21,2;18,7;21,3;21;18,8;18,5;86;86;86;186;7,3;4;
2023/05/20;1000 UTC;0;990,7;990,7;990,1;129,5;21,4;18,9;21,4;21,1;18,9;18,6;86;85;85;181;7,3;2,8;
2023/05/20;1100 UTC;0;991,3;991,4;990,7;167,3;21,1;18,3;21,4;21,1;18,9;18,3;85;84;84;180;7;2,9;
2023/05/20;1200 UTC;0;991,7;991,7;991,3;383,3;22,1;19,2;22,2;21;19,2;18,2;84;83;83;185;6,5;2,6;
2023/05/20;1300 UTC;0;991,9;991,9;991,6;543,1;22,4;18,5;23;22,1;19,7;18,5;83;78;78;163;6,5;2,7;
2023/05/20;1400 UTC;0;991;991,9;991;769,1;24;19,1;24,1;22,4;19,2;18,4;78;74;74;174;6,6;3,2;
2023/05/20;1500 UTC;0;990;991;990;2676,1;26,6;19,7;27,1;24;20,6;19,3;74;66;66;160;9,3;4,1;
2023/05/20;1600 UTC;0;988,8;990;988,8;2685,6;27,8;19,6;28;26,1;20,4;18,8;66;61;61;163;9,2;3;
2023/05/20;1700 UTC;0;988,2;988,9;988,2;2162,4;27,6;18,3;28,3;26,8;19,6;17,5;61;57;57;150;9,8;4;
2023/05/20;1800 UTC;0;987,8;988,2;987,7;1723,6;26,7;16,3;28,7;26,7;18,6;16,3;57;53;53;141;9,8;3,8;
2023/05/20;1900 UTC;0;988;988;987,7;624;25,2;15,2;27,1;25,2;16,5;15,2;54;52;54;160;8,3;4,3;
2023/05/20;2000 UTC;0;988,4;988,4;988;168,1;24,6;15,3;25,3;24,6;15,4;15,2;56;54;56;147;8,3;3,4;
2023/05/20;2100 UTC;0;988,8;988,8;988,4;10,5;23,8;15,4;24,7;23,8;15,4;15,1;60;56;60;135;6,9;3;
2023/05/20;2200 UTC;0;989,3;989,3;988,8;;23,6;16,7;23,8;23,6;16,7;15,4;65;60;65;152;7,4;2,5;
2023/05/20;2300 UTC;0;989,8;989,8;989,3;;23,5;17,3;23,6;23,5;17,3;16,7;68;65;68;153;6,2;1,9;
2023/05/21;0000 UTC;0;990,1;990,1;989,8;;23,4;17,7;23,5;23,4;17,7;17,3;70;68;70;158;6,9;2,6;
2023/05/21;0100 UTC;0;990,1;990,2;990;;22,8;17,6;23,4;22,8;17,7;17,6;73;70;73;140;6,3;1,4;
2023/05/21;0200 UTC;0;989,8;990,1;989,8;;22,9;18,2;22,9;22,7;18,2;17,6;75;73;75;159;4,3;1,5;
2023/05/21;0300 UTC;0;989,4;989,8;989,4;;22,9;18,3;23;22,8;18,4;18,2;75;75;75;143;6,9;2;
2023/05/21;0400 UTC;0;988,8;989,5;988,8;;22,5;18,3;22,9;22,4;18,3;18,1;77;75;77;150;5,1;1,8;
2023/05/21;0500 UTC;0;988,6;988,8;988,5;;22,3;18,3;22,5;22,3;18,4;18,3;78;77;78;181;5,7;2,6;
2023/05/21;0600 UTC;0;988,2;988,6;988,2;;22,1;18,4;22,3;22,1;18,4;18,3;80;78;80;178;5,9;2,7;
2023/05/21;0700 UTC;0;988,1;988,3;988,1;;21,6;18,2;22,1;21,6;18,4;18,2;81;80;81;184;7;3,2;
2023/05/21;0800 UTC;0;988,4;988,4;988;;21,1;18;21,6;21,1;18,2;18;83;81;83;175;6,3;2,5;
2023/05/21;0900 UTC;0;989;989;988,4;;21,2;18,5;21,3;21;18,5;18;85;83;85;193;5,2;2,2;
2023/05/21;1000 UTC;0;989,7;989,7;989;135,6;21,3;18,9;21,4;21,2;18,9;18,5;86;85;86;187;7;3,3;
2023/05/21;1100 UTC;0;990,4;990,4;989,6;569,9;22,3;19,7;22,5;21,3;20;18,9;86;85;85;182;8,6;3,8;
2023/05/21;1200 UTC;0;990,7;990,9;990,4;951,1;23,8;20,9;23,9;22,3;21;19,8;86;84;84;189;8,6;3,6;
2023/05/21;1300 UTC;0;990,7;990,9;990,7;1406,3;25,9;22,3;25,9;23,8;22,3;20,9;84;81;81;148;7,3;2,6;
2023/05/21;1400 UTC;0;990,2;990,8;990,2;2199,7;27,1;22,3;27,8;25,5;23,6;21,6;81;75;75;153;7,9;3,6;
2023/05/21;1500 UTC;0;989,6;990,2;989,6;2266,4;27,2;21,4;28,3;25,8;22,9;20,6;75;71;71;153;7,9;3,3;
2023/05/21;1600 UTC;0;988,8;989,6;988,8;1254,5;23,6;18,1;27,2;23,6;21,2;18,1;71;69;71;165;9,5;3,1;
2023/05/21;1700 UTC;0;988,1;988,8;988,1;1173,9;24,6;20,2;25,1;23,3;20,4;18,2;76;71;76;150;8,2;2,8;
2023/05/21;1800 UTC;,2;987,8;988,1;987,8;1208,1;23,8;19,1;26,5;23,8;21,8;19,1;77;74;75;133;8,2;3,7;
2023/05/21;1900 UTC;0;988;988;987,8;542,3;24,4;20,3;24,6;23,7;20,6;19,2;79;75;78;144;8,5;3,7;
2023/05/21;2000 UTC;0;988,1;988,1;988;278,6;24,2;20;24,4;23,9;20,2;19,7;78;77;77;156;8,1;3,2;
2023/05/21;2100 UTC;0;988,4;988,4;988,1;19,3;23;19;24,2;22,9;20;18,9;78;77;78;139;9,3;2,7;
2023/05/21;2200 UTC;0;988,8;988,8;988,3;;23,5;19,4;23,6;23;19,5;19;78;78;78;140;7,8;2,6;
2023/05/21;2300 UTC;0;989,4;989,4;988,8;;23,2;19,4;23,6;23,2;19,4;19,3;79;78;79;150;6,8;2,1;
2023/05/22;0000 UTC;0;989,6;989,7;989,4;;22,3;18,9;23,2;22,3;19,4;18,8;81;79;81;138;6,4;2,6;
2023/05/22;0100 UTC;0;989,9;989,9;989,6;;22,4;19,2;22,4;22,2;19,2;18,9;82;81;82;137;5,5;2;
2023/05/22;0200 UTC;0;989,9;990;989,8;;22,6;19,5;22,6;22,4;19,5;19,2;83;82;83;144;4;1,5;
2023/05/22;0300 UTC;0;989,9;990;989,8;;22,7;19,6;22,7;22,5;19,6;19,5;83;83;83;144;4,1;2;
2023/05/22;0400 UTC;0;989,2;989,9;989,2;;22,2;19,2;22,8;22,2;19,7;19,2;83;83;83;154;4,1;1;
2023/05/22;0500 UTC;0;988,7;989,2;988,7;;22,2;19,3;22,2;21,7;19,3;18,7;84;83;84;150;2,2;1,2;
2023/05/22;0600 UTC;0;988,3;988,7;988,3;;22,4;19,7;22,4;22,2;19,7;19,4;85;84;85;153;3,7;1,6;
2023/05/22;0700 UTC;0;988,2;988,3;988,1;;22;19,4;22,4;22;19,7;19,4;85;85;85;171;3,7;1,4;
2023/05/22;0800 UTC;0;988,6;988,6;988,2;;22,1;19,6;22,2;22;19,7;19,4;86;85;86;182;2,7;1,6;
2023/05/22;0900 UTC;0;989,2;989,2;988,5;,4;22,1;19,7;22,2;22,1;19,7;19,6;86;86;86;191;4,1;2;
2023/05/22;1000 UTC;0;989,9;989,9;989,2;153,4;22,5;20,2;22,5;22,1;20,2;19,7;87;86;87;198;5,8;2,7;
2023/05/22;1100 UTC;0;990,8;990,8;989,9;638,5;23,7;21,4;23,7;22,5;21,4;20,2;87;86;87;182;5,8;3,1;
2023/05/22;1200 UTC;0;991,2;991,3;990,8;1191,2;25,6;22,7;25,6;23,7;22,7;21,3;87;84;84;169;6,2;3;
2023/05/22;1300 UTC;0;991,1;991,3;991,1;1953;27,6;23,6;27,6;25,5;23,6;22,2;84;78;79;139;8,1;4,1;
2023/05/22;1400 UTC;0;990,4;991,1;990,4;1892;27,6;22,3;28;26,5;23,1;21,9;79;73;73;155;8,3;3,7;
2023/05/22;1500 UTC;,2;989,6;990,4;989,6;2090,7;29;22,4;29,1;27,1;22,8;21,4;73;68;68;156;10;4,2;
2023/05/22;1600 UTC;0;989,3;989,6;989,2;1837,3;27,9;20;29,4;27,7;22,4;19,8;68;62;62;149;9;4,2;
2023/05/22;1700 UTC;0;989;989,3;988,8;1355;27,6;19,2;28,2;27,5;20,2;19,2;62;60;60;147;9;4;
2023/05/22;1800 UTC;0;988,8;989,1;988,7;1124,6;27,7;18,9;28,4;27,3;19,8;18,6;60;59;59;147;9,2;4,2;
2023/05/22;1900 UTC;0;988,9;988,9;988,7;759,6;26,5;17,7;27,8;26,5;18,9;17,7;59;58;59;139;9,2;4,4;
2023/05/22;2000 UTC;0;989,4;989,4;988,8;470,4;25,7;17,8;27;25,7;18,4;17,7;61;59;61;154;9,4;4,2;
2023/05/22;2100 UTC;0;989,7;989,7;989,3;20,6;24,7;17,7;25,7;24,7;17,8;17,6;65;61;65;154;8,8;3,6;
2023/05/22;2200 UTC;0;990,2;990,2;989,6;;24,4;18,3;24,7;24,4;18,3;17,7;69;65;69;163;7,7;3,5;
2023/05/22;2300 UTC;0;990,7;990,7;990,2;;23,5;18,1;24,4;23,5;18,6;18;72;69;72;153;10,3;2,7;
2023/05/23;0000 UTC;0;990,7;990,9;990,7;;23,6;18,7;23,6;23,4;18,7;18,1;74;72;74;156;5;2,8;
2023/05/23;0100 UTC;0;990,3;990,8;990,3;;23,3;18,9;23,7;23,3;18,9;18,8;76;74;76;168;6,4;3,4;
2023/05/23;0200 UTC;0;990,1;990,4;989,5;;23;19;23,4;23;19,2;18,9;78;76;78;148;8;2,8;
2023/05/23;0300 UTC;0;989,4;990,3;989,4;;22,8;19,4;23;22,8;19,4;19;81;78;81;150;6;2,3;
2023/05/23;0400 UTC;0;989,4;989,4;989,1;;22,8;19,6;22,8;22,7;19,6;19,3;83;81;83;132;6,6;2,4;
2023/05/23;0500 UTC;1,2;989,4;989,6;989,4;;22,1;19,4;22,8;22,1;19,7;19,4;85;83;85;99;4,5;1;
2023/05/23;0600 UTC;,2;988,6;989,4;988,6;;21,7;19,5;22,1;21,7;19,6;19,4;87;85;87;151;5,4;2,9;
2023/05/23;0700 UTC;0;988,9;988,9;988,6;;21,9;20;21,9;21,7;20;19,5;89;87;89;153;5,4;2,5;
2023/05/23;0800 UTC;0;989;989;988,8;;22,2;20,9;22,2;21,8;20,9;20;92;89;92;191;5,3;1,9;
2023/05/23;0900 UTC;0;989,8;989,8;989;;22;21,1;22,2;21,9;21,1;20,9;95;92;95;172;4,9;2,3;
2023/05/23;1000 UTC;,2;990,3;990,3;989,8;41,1;21,9;21,6;22;21,9;21,6;21,1;98;95;98;162;6,3;2,4;
2023/05/23;1100 UTC;0;990,8;990,8;990,3;265,7;22,2;22,2;22,2;21,9;22,2;21,6;100;98;100;163;5,3;2,2;
2023/05/23;1200 UTC;1;991,7;991,7;990,8;335,7;22,1;;22,3;22,1;;;;;;132;5,9;2,3;
2023/05/23;1300 UTC;,8;991,6;991,8;991,6;621,8;22,3;;22,6;22;;;;;;156;6,5;3,1;
2023/05/23;1400 UTC;,6;991,2;991,6;991,1;717,8;22,4;;22,6;22,2;;;;;;132;6,8;3,6;
2023/05/23;1500 UTC;0;990,4;991,2;990,4;1377,9;23,5;;23,8;22,1;;;;;;134;8,8;3,7;
2023/05/23;1600 UTC;0;989,7;990,4;989,7;1142,5;23,7;;23,8;22,9;;;;;;120;8,4;4,1;
2023/05/23;1700 UTC;0;989,1;989,8;989,1;911,8;23,4;23,4;23,8;23,2;;;;;100;123;8,4;2,7;
2023/05/23;1800 UTC;0;988,6;989,1;988,6;825,9;24,5;23,9;24,6;23,4;24,1;23,4;100;97;97;105;6,9;2,6;
2023/05/23;1900 UTC;0;988,6;988,7;988,6;479,8;24,6;23,3;24,6;24,4;23,9;23,1;97;93;93;107;5,3;2,5;
2023/05/23;2000 UTC;0;988,7;988,7;988,5;214,2;24,2;22,4;24,6;24,1;23,3;22,4;93;90;90;82;5,3;1,3;
2023/05/23;2100 UTC;0;988,9;988,9;988,7;9,1;23,7;21,8;24,2;23,7;22,4;21,8;90;89;89;146;2,6;1;
2023/05/23;2200 UTC;0;989,2;989,3;988,9;;23,7;21,8;23,8;23,6;21,9;21,7;89;89;89;168;4;1,9;
2023/05/23;2300 UTC;0;989,6;989,6;989,2;;22,8;21,2;23,7;22,8;21,8;21,2;91;89;91;185;5;2,4;
2023/05/24;0000 UTC;0;990;990;989,6;;22,8;21,4;22,9;22,8;21,4;21,2;92;90;92;173;5,9;1,8;
2023/05/24;0100 UTC;0;990,1;990,2;990;;22,6;21,2;22,8;22,6;21,4;21,2;92;92;92;191;4,3;1,6;
2023/05/24;0200 UTC;0;990,1;990,3;990,1;;22,4;21,3;22,6;22,1;21,3;20,9;94;92;94;178;3,7;1,5;
2023/05/24;0300 UTC;0;989,9;990,1;989,9;;22,3;21,4;22,5;22,2;21,4;21,3;95;94;95;192;5,2;2,5;
2023/05/24;0400 UTC;1,2;989,6;990;989,6;;22,1;21,6;22,3;22,1;21,6;21,4;97;95;97;196;5,1;2,3;
2023/05/24;0500 UTC;,2;988,9;989,6;988,9;;21,9;21,9;22,1;21,8;21,9;21,4;100;97;100;194;5,1;2,3;
2023/05/24;0600 UTC;0;988,3;988,9;988,3;0;21,7;;21,9;21,7;21,9;21,8;100;100;;198;5,1;2,2;
2023/05/24;0700 UTC;0;988,2;988,4;988,2;;21,8;;21,8;21,7;;;;;;175;4,3;1,5;
2023/05/24;0800 UTC;0;988,6;988,6;988,2;;21,7;;21,9;21,7;;;;;;194;3,4;1,6;
2023/05/24;0900 UTC;,2;989;989;988,5;;21,8;;21,9;21,7;;;;;;167;4,2;1,7;
2023/05/24;1000 UTC;0;989,5;989,5;988,9;80,6;21,9;;21,9;21,8;;;;;;180;3,8;1,9;
2023/05/24;1100 UTC;2;990,1;990,1;989,5;227,7;22,1;;22,1;21,7;;;;;;183;4,7;2,1;
2023/05/24;1200 UTC;,2;990,6;990,6;990,1;427,9;22;;22,3;22;;;;;;175;4,7;2,3;
2023/05/24;1300 UTC;,2;990,4;990,7;990,4;985,5;22,8;;23;22;;;;;;177;7,5;2,7;
2023/05/24;1400 UTC;1,2;990,4;990,6;990,4;569,4;22,5;;22,8;22,2;;;;;;138;7,2;2,7;
2023/05/24;1500 UTC;0;989,2;990,4;989,2;1901,4;24,9;;24,9;22,6;;;;;;150;4,9;1,7;
2023/05/24;1600 UTC;0;988,2;989,2;988,2;2297,4;27,6;;27,6;24,9;;;;;;150;5,4;2,5;
2023/05/24;1700 UTC;,6;988;988,3;988;904,1;22,8;;27,6;22,8;;;;;;143;11,1;3,2;
2023/05/24;1800 UTC;0;987,9;988;987,7;682,6;24,5;;24,5;22,8;;;;;;152;7,4;2,8;
2023/05/24;1900 UTC;0;988,1;988,1;987,9;471,6;24,9;24,9;25;24,5;;;;;100;136;6,6;2,8;
2023/05/24;2000 UTC;0;988,5;988,5;988,1;160,3;24,1;24,1;25;24,1;25;24,1;100;100;100;151;5,8;1,9;
2023/05/24;2100 UTC;,2;989;989;988,4;7,8;22,5;22,5;24,1;22,5;24,1;22,5;100;100;100;101;8;3,8;
2023/05/24;2200 UTC;1,8;989,5;989,5;989;;22,2;;22,5;22;;;;;;130;8;,8;
2023/05/24;2300 UTC;0;989,7;989,7;989,5;;22,6;;22,6;22,2;;;;;;172;2,9;1,5;
2023/05/25;0000 UTC;,2;990;990;989,7;;22,9;;23;22,6;;;;;;179;4;2;
2023/05/25;0100 UTC;0;990;990;989,9;;22,8;;23;22,8;;;;;;190;4,5;1,6;
2023/05/25;0200 UTC;0;990,1;990,1;990;;22,7;;22,8;22,6;;;;;;196;3,5;1,8;
2023/05/25;0300 UTC;0;989,9;990,1;989,9;;22,6;;22,7;22,6;;;;;;187;4,5;2,4;
2023/05/25;0400 UTC;,4;989,6;990;989,6;;22,5;;22,6;22,5;;;;;;141;4,5;1,5;
2023/05/25;0500 UTC;1,2;989,1;989,6;989,1;;22;;22,5;22;;;;;;178;5;2,7;
2023/05/25;0600 UTC;,4;988,6;989,1;988,6;;22;;22;21,9;;;;;;180;5,6;2,2;
2023/05/25;0700 UTC;0;988,5;988,7;988,4;;21,9;;22;21,9;;;;;;173;4,1;1,7;
2023/05/25;0800 UTC;,2;988,7;988,7;988,5;;21,9;;22;21,9;;;;;;193;3,3;1,8;
2023/05/25;0900 UTC;0;989,1;989,1;988,7;;21,7;;21,9;21,6;;;;;;197;5;2,1;
2023/05/25;1000 UTC;,2;989,6;989,7;989,1;124;21,8;;21,8;21,5;;;;;;197;5,1;2,4;
2023/05/25;1100 UTC;,2;990,4;990,5;989,6;379,5;22;;22,2;21,7;;;;;;196;5,2;1,7;
2023/05/25;1200 UTC;1;990,7;990,7;990,4;353,2;22,3;;22,3;21,9;;;;;;198;4,4;1,2;
2023/05/25;1300 UTC;,4;990,6;990,7;990,6;497,8;22,7;;22,8;22,1;;;;;;211;3,7;1,9;
2023/05/25;1400 UTC;0;990,2;990,6;990,2;1033,5;23,2;;23,4;22,6;;;;;;181;4,4;1,9;
2023/05/25;1500 UTC;0;989,5;990,2;989,5;1350;24,4;;24,4;23,2;;;;;;102;3,6;1,2;
2023/05/25;1600 UTC;,4;988,5;989,5;988,5;2283;26,1;;26,1;23,9;;;;;;97;3,3;1,5;
2023/05/25;1700 UTC;0;988;988,5;987,9;1744,3;26,1;;27,2;24,5;;;;;;149;6,5;2,4;
2023/05/25;1800 UTC;2,4;987,6;988,2;987,6;619,3;24;;26,1;23,3;;;;;;146;9;1,5;
2023/05/25;1900 UTC;0;987,8;987,8;987,6;573,4;24,1;;24,9;24;;;;;;141;5,5;2,4;
2023/05/25;2000 UTC;2,6;988,4;988,5;987,8;178,6;23;;24,2;23;;;;;;92;7,9;3;
2023/05/25;2100 UTC;8;988,8;988,8;988,3;10,9;22,8;;23,2;22,8;;;;;;100;9,2;3,4;
2023/05/25;2200 UTC;,2;989,2;989,2;988,7;;22,8;;22,8;22,5;;;;;;125;7;1,4;
2023/05/25;2300 UTC;,8;989,8;989,8;989,1;;22,5;;22,8;22,5;;;;;;119;7,5;3,1;
2023/05/26;0000 UTC;,4;990,3;990,4;989,8;;22,4;;22,6;22,4;;;;;;120;6,4;2,7;
2023/05/26;0100 UTC;0;990,6;990,6;990,3;,1;22,3;;22,5;22,3;;;;;;138;5,3;1;
2023/05/26;0200 UTC;1;990,7;990,8;990,6;;22;;22,3;21,9;;;;;;135;6,5;1,2;
2023/05/26;0300 UTC;1;990,7;990,9;990,7;;21,9;;22,1;21,9;;;;;;156;5,2;2,5;
2023/05/26;0400 UTC;,6;990,3;990,7;990,1;;21,7;;21,9;21,6;;;;;;139;7;1,7;
2023/05/26;0500 UTC;1;989,6;990,3;989,6;;21,6;;21,7;21,6;;;;;;142;5,5;1,2;
2023/05/26;0600 UTC;0;989,1;989,6;989,1;;21,6;;21,6;21,5;;;;;;103;2,8;,7;
2023/05/26;0700 UTC;0;988,9;989,1;988,9;;21,6;;21,7;21,6;;;;;;172;4,1;1,6;
2023/05/26;0800 UTC;0;989,2;989,3;988,9;;21,8;;21,8;21,6;;;;;;200;4,1;,9;
2023/05/26;0900 UTC;0;989,6;989,6;989,2;,9;21,6;;21,9;21,6;;;;;;194;3,3;1,9;
2023/05/26;1000 UTC;0;990,2;990,2;989,6;128,7;21,8;;21,9;21,6;;;;;;201;3,6;2;
2023/05/26;1100 UTC;0;991;991;990,2;427,2;22,4;;22,4;21,8;;;;;;195;3,6;1,7;
2023/05/26;1200 UTC;0;991,5;991,5;991;748,2;23,6;;23,6;22,4;;;;;;169;4,8;2,2;
2023/05/26;1300 UTC;0;991,5;991,6;991,5;1640,4;24,9;;25;23,6;;;;;;163;6,9;3,4;
2023/05/26;1400 UTC;0;990,8;991,5;990,8;2372,8;26,5;;26,6;24,9;;;;;;131;6,9;3,7;
2023/05/26;1500 UTC;0;990;990,8;990;2130,6;28;;28,3;26,5;;;;;;154;7,7;3,7;
2023/05/26;1600 UTC;0;989,1;990;989,1;2672,4;28,7;28,7;29,1;27,7;;;;;100;137;8,6;3,4;
2023/05/26;1700 UTC;0;988,2;989,1;988,1;2095,3;28,1;27;29,4;27,9;29,2;26,8;100;94;94;141;8,1;3,4;
2023/05/26;1800 UTC;0;988,1;988,3;988;601,9;26;25,6;28,3;25,8;27,2;24,9;97;91;97;93;7,3;2,4;
2023/05/26;1900 UTC;0;988,5;988,5;988,1;792;26,4;24,6;27,4;26;27,1;24,6;99;90;90;163;9;4,5;
2023/05/26;2000 UTC;0;988,8;988,8;988,5;311,7;25,6;23,4;26,7;25,6;24,9;23,4;90;88;88;144;9;3,6;
2023/05/26;2100 UTC;0;989,2;989,2;988,8;19,4;24,8;22,9;25,6;24,8;23,4;22,8;90;88;90;148;7,5;2,9;
2023/05/26;2200 UTC;0;989,7;989,7;989,2;;24,2;22,7;24,8;24,2;22,9;22,6;91;90;91;151;6,7;2,4;
2023/05/26;2300 UTC;0;990,3;990,3;989,7;;24,1;22,9;24,2;24;23;22,6;93;91;93;161;5,7;3,1;
2023/05/27;0000 UTC;0;990,5;990,5;990,3;;23,4;22,7;24,1;23,3;23;22,5;96;93;96;157;7,1;2,5;
2023/05/27;0100 UTC;0;990,3;990,5;990,3;;23,3;23;23,4;23,2;23;22,6;98;96;98;160;6,6;2,6;
2023/05/27;0200 UTC;0;990,3;990,4;990,2;;23,2;23,2;23,4;23,2;23,4;23;100;98;100;165;5,7;2,1;
2023/05/27;0300 UTC;1,4;990;990,4;990;;22,5;;23,2;22,4;;;100;100;;166;6,7;2,9;
2023/05/27;0400 UTC;,2;989,7;990;989,7;;22,3;;22,6;22,3;;;;;;140;8,2;1,8;
2023/05/27;0500 UTC;,6;989,2;989,7;989,2;;21,9;;22,3;21,8;;;;;;162;6,7;2,5;
2023/05/27;0600 UTC;0;989;989,3;988,9;;21,9;;21,9;21,8;;;;;;186;5,9;2,4;
2023/05/27;0700 UTC;,2;988,9;989;988,6;;21,7;;21,9;21,7;;;;;;192;6,5;2,4;
2023/05/27;0800 UTC;0;989,1;989,1;988,9;;21,4;;21,7;21,4;;;;;;185;6;2,6;
2023/05/27;0900 UTC;,2;989,5;989,6;989,1;;21,2;;21,4;21,2;;;;;;187;6,8;3,2;
2023/05/27;1000 UTC;,4;990,1;990,1;989,5;60,7;21,1;;21,2;21;;;;;;190;7,3;3,1;
2023/05/27;1100 UTC;,6;990,5;990,7;990,1;291,2;21,2;;21,2;20,9;;;;;;192;7,8;3,7;
2023/05/27;1200 UTC;,4;990,6;990,8;990,5;1023;21,8;;21,8;21,2;;;;;;187;8,8;4,5;
2023/05/27;1300 UTC;,2;990,9;991;990,6;797,1;22,3;;22,3;21,7;;;;;;185;8,8;3,2;
2023/05/27;1400 UTC;0;990,8;991;990,8;1076,5;23,2;;23,2;22,3;;;;;;160;7;3,3;
2023/05/27;1500 UTC;2,2;990,4;990,9;990,4;1055,2;23,2;;23,5;22,9;;;;;;146;8,7;2,5;
2023/05/27;1600 UTC;0;989,2;990,4;989,2;1952,9;25,3;;25,3;23,2;;;;;;122;5,8;3,3;
2023/05/27;1700 UTC;0;988,8;989,3;988,8;1632,8;26;;26,6;24,6;;;;;;120;7,3;3,3;
2023/05/27;1800 UTC;0;988,5;988,8;988,5;1647,8;26,5;;26,8;25,8;;;;;;110;6,6;3,1;
2023/05/27;1900 UTC;0;988,7;988,7;988,4;934,3;26;;27,1;25,7;;;;;;136;7,1;3,2;
2023/05/27;2000 UTC;0;989,1;989,1;988,7;324,1;24,6;;26,3;24,6;;;;;;156;6,8;2,5;
2023/05/27;2100 UTC;0;989,9;989,9;989,1;15,4;23,4;;24,6;23,4;;;;;;151;5;2,2;
2023/05/27;2200 UTC;0;990,5;990,5;989,9;;22,7;;23,4;22,7;;;;;;148;4,3;1,5;
2023/05/27;2300 UTC;0;990,9;991;990,5;;22,8;;22,8;22,7;;;;;;164;4,3;1,4;
2023/05/28;0000 UTC;0;991,1;991,1;990,9;;22,3;;22,8;22,3;;;;;;168;4,3;1,8;
2023/05/28;0100 UTC;0;991,2;991,3;991;;22,1;;22,3;22;;;;;;149;3,8;1,3;
2023/05/28;0200 UTC;0;991,2;991,3;991,1;;22,2;;22,2;22,1;;;;;;189;4;2,2;
2023/05/28;0300 UTC;0;991;991,2;991;;21,9;;22,2;21,9;;;;;;204;5,2;1,6;
2023/05/28;0400 UTC;0;990,3;991,1;990,3;;21,7;;21,9;21,7;;;;;;192;4,4;2;
2023/05/28;0500 UTC;0;989,9;990,3;989,9;;21,9;;21,9;21,6;;;;;;177;5,6;2,9;
2023/05/28;0600 UTC;,2;989,3;989,9;989,3;;21,9;;22;21,9;;;;;;187;5,5;1,7;
2023/05/28;0700 UTC;0;989,5;989,5;989,1;;21,7;;21,9;21,5;;;;;;167;5,2;1,6;
2023/05/28;0800 UTC;0;989,7;989,7;989,5;;21,6;;21,7;21,6;;;;;;157;4,5;2,2;
2023/05/28;0900 UTC;0;989,9;989,9;989,6;;21,8;;21,8;21,6;;;;;;171;4,1;1,5;
2023/05/28;1000 UTC;0;990,3;990,3;989,9;79,1;22;;22;21,7;;;;;;167;4;1,1;
2023/05/28;1100 UTC;0;990,9;990,9;990,3;592,2;22,4;;22,9;22;;;;;;217;3,9;1,8;
2023/05/28;1200 UTC;0;991,2;991,2;990,9;1187,6;23,8;;24;22,5;;;;;;153;3,6;1,9;
2023/05/28;1300 UTC;0;990,9;991,2;990,9;2099,4;26,2;;26,2;23,8;;;;;;121;5,7;2,7;
2023/05/28;1400 UTC;0;990,1;990,9;990,1;2226;27,5;;27,5;25,5;;;;;;120;6,4;2,3;
2023/05/28;1500 UTC;0;989,4;990,1;989,4;2410,4;27,8;27,8;28,3;27;;;;;100;123;6;2,4;
2023/05/28;1600 UTC;0;988,8;989,4;988,8;1413,4;27,1;26;28,8;27,1;28,5;26;100;94;94;136;5,9;2;
2023/05/28;1700 UTC;0;988,3;988,8;988,3;1109,3;26,7;25,2;28,2;26,5;27,2;24,9;95;90;91;128;7,7;3,4;
2023/05/28;1800 UTC;0;987,7;988,3;987,7;1660,6;28,3;26;28,5;26,7;26,5;25,3;91;87;87;114;6,3;3,1;
2023/05/28;1900 UTC;0;987,9;987,9;987,7;915,1;27,1;24,2;28,4;26,9;26;24,1;87;84;84;127;6,7;2,6;
2023/05/28;2000 UTC;0;988,1;988,1;987,9;423,9;26,4;23,2;27,1;26,4;24,1;23,2;84;83;83;134;6,2;3,5;
2023/05/28;2100 UTC;0;988,4;988,4;988,1;26,7;25,1;22,4;26,4;25,1;23,2;22,4;85;83;85;127;6,2;2,1;
2023/05/28;2200 UTC;0;988,3;988,5;988,3;;24,5;22,3;25,1;24,5;22,4;22,3;88;85;88;127;4,1;2;
2023/05/28;2300 UTC;0;988,9;988,9;988,3;;23,9;22,4;24,5;23,9;22,4;22,3;91;88;91;102;4,5;1,5;
2023/05/29;0000 UTC;0;989,3;989,3;988,9;;23,5;22,7;23,9;23,5;22,7;22,3;95;91;95;123;3,3;1,5;
2023/05/29;0100 UTC;0;989,3;989,4;989,2;;23;23;23,5;23;23;22,7;100;95;100;139;3,1;1,5;
2023/05/29;0200 UTC;0;989,6;989,7;989,3;;22,9;;23,1;22,7;;;;;;139;2,6;1;
2023/05/29;0300 UTC;0;989,3;989,6;989,3;;22,9;;22,9;22,8;;;;;;163;2,5;1,4;
2023/05/29;0400 UTC;0;989,2;989,3;989,1;;23;;23;22,9;;;;;;158;3,1;1;
2023/05/29;0500 UTC;0;988,7;989,2;988,7;;22,8;;23;22,8;;;;;;167;2,3;,7;
2023/05/29;0600 UTC;0;988,3;988,7;988,3;;22,9;;22,9;22,8;;;;;;128;1,5;,7;
2023/05/29;0700 UTC;0;988,3;988,4;988,3;;22,9;;23;22,9;;;;;;158;2,3;,8;
2023/05/29;0800 UTC;0;988,8;988,8;988,3;;22,9;;22,9;22,9;;;;;;220;1,6;,8;
2023/05/29;0900 UTC;0;989,4;989,4;988,8;,3;22,7;;22,9;22,7;;;;;;194;2,9;1,7;
2023/05/29;1000 UTC;0;989,9;989,9;989,3;114,4;22,7;;22,8;22,6;;;;;;189;2,9;1,4;
2023/05/29;1100 UTC;0;990,7;990,7;989,9;857,8;24,2;;24,3;22,7;;;;;;186;4,2;2,2;
2023/05/29;1200 UTC;0;990,9;991;990,7;1206,2;25,9;;25,9;24;;;;;;155;4,3;2,4;
2023/05/29;1300 UTC;0;990,5;990,9;990,5;2229,4;27;;27,4;25,3;;;;;;114;4,3;1,9;
2023/05/29;1400 UTC;0;989,7;990,5;989,7;2535,3;27,5;27;28,7;26,8;;;;;97;113;4,8;2,5;
2023/05/29;1500 UTC;0;989;989,7;989;2789,9;28,2;26;29,5;27,3;28,6;26;99;88;88;163;6;2,8;
2023/05/29;1600 UTC;0;988,2;989;988,2;2207,4;30,1;26,6;30,4;28;27,1;25,6;89;82;82;147;5,5;2,6;
2023/05/29;1700 UTC;0;987,4;988,2;987,4;2449,5;30,2;25,4;30,3;28,7;26,2;24,9;82;75;75;62;5,5;2,3;
2023/05/29;1800 UTC;0;987,1;987,4;987,1;1645,9;30,1;23,8;30,2;28,4;25,3;23,4;75;69;69;141;5,2;2,3;
2023/05/29;1900 UTC;0;987,2;987,2;987;1096,2;28,8;22;30,3;28,6;23,8;21,8;69;67;67;127;5,7;2,7;
2023/05/29;2000 UTC;0;987,7;987,7;987,2;412,8;27;20,5;29;27;22,2;20,5;68;66;68;130;6,3;3,6;
2023/05/29;2100 UTC;0;988,3;988,3;987,7;19,1;25,4;19,7;27;25,4;20,4;19,7;71;68;71;131;8,1;2,7;
2023/05/29;2200 UTC;0;988,9;988,9;988,3;;24,6;19,7;25,4;24,6;19,7;19,6;74;71;74;113;5,8;3;
2023/05/29;2300 UTC;0;989,5;989,5;988,9;;23,7;19,5;24,6;23,7;19,7;19,5;77;74;77;114;5,5;2,8;
2023/05/30;0000 UTC;0;989,9;989,9;989,5;;22,9;19,5;23,7;22,9;19,5;19,4;81;77;81;117;4,9;2,2;
2023/05/30;0100 UTC;0;990,1;990,1;989,9;;22,7;19,9;22,9;22,7;19,9;19,5;84;81;84;117;4,2;2,3;
2023/05/30;0200 UTC;0;990,3;990,3;990,1;;22,3;20;22,7;22,3;20,1;19,9;87;84;87;135;4;1,7;
2023/05/30;0300 UTC;0;990,4;990,4;990,1;;22,4;20,5;22,4;22,2;20,5;20;89;87;89;121;3,7;,9;
2023/05/30;0400 UTC;0;990,2;990,4;990,2;;22;20,6;22,4;22;20,7;20,5;92;89;92;85;2,6;,9;
2023/05/30;0500 UTC;0;989,9;990,2;989,9;;21,6;20,9;22;21,4;20,9;20,4;96;92;96;134;2,2;1,2;
2023/05/30;0600 UTC;0;989,7;989,9;989,7;;21,4;21,4;21,7;21,2;21,4;21;100;96;100;117;2,2;,8;
2023/05/30;0700 UTC;0;989,9;989,9;989,6;;20,5;;21,4;20,5;21,4;20,6;100;100;;76;1,8;,2;
2023/05/30;0800 UTC;0;990,4;990,4;989,9;;20,2;;20,6;19,9;;;;;;165;,9;,4;
2023/05/30;0900 UTC;0;991,1;991,1;990,4;;19,8;;20,2;19,7;;;;;;27;1,1;,2;
2023/05/30;1000 UTC;0;992;992;991,2;321,6;22,3;;22,3;19,8;;;;;;344;1,2;,4;
2023/05/30;1100 UTC;0;993;993;992;1092,1;24,4;;24,4;22,2;;;;;;137;4,5;2,3;
2023/05/30;1200 UTC;0;993,2;993,3;993;1699;26,3;;26,4;24,3;;;;;;122;6,4;2,8;
2023/05/30;1300 UTC;0;993,1;993,3;993,1;2107,3;27,1;25,7;27,3;26,3;27,3;25,1;100;91;92;124;7,6;3,4;
2023/05/30;1400 UTC;0;992,5;993,1;992,5;2863;28,9;25,5;29,1;27,1;26,4;25,1;92;82;82;128;7,5;4;
2023/05/30;1500 UTC;0;991,6;992,6;991,6;2498,6;28,9;24;29,2;27,9;25,5;23;82;75;75;159;7,6;3,3;
2023/05/30;1600 UTC;0;990,9;991,6;990,9;2733,7;28,9;22,3;29,4;28,5;24;22;75;67;67;137;8,9;4,2;
2023/05/30;1700 UTC;0;990;990,9;990;2460,4;28,8;20,3;29,7;28,8;22,8;20,3;67;60;60;144;8,9;3,8;
2023/05/30;1800 UTC;0;990;990;989,8;1890,7;28,1;19;29,3;28,1;20,8;19;61;58;58;139;9,2;4,7;
2023/05/30;1900 UTC;0;990,2;990,2;989,9;1206;27,3;17,9;28,4;27,3;19,3;17,9;58;56;56;156;9,2;4,1;
2023/05/30;2000 UTC;0;990,9;990,9;990,2;460,3;25,7;17;27,4;25,7;18;17;59;56;59;147;8,8;4;
2023/05/30;2100 UTC;0;991,4;991,5;990,9;18,4;24,4;16,8;25,7;24,4;17;16,8;63;59;63;144;8,4;2,9;
2023/05/30;2200 UTC;0;991,8;991,8;991,4;;23,9;17,3;24,4;23,9;17,3;16,8;67;63;67;148;7,1;3;
2023/05/30;2300 UTC;0;992;992;991,8;;23,2;17,4;23,9;23,2;17,5;17,3;70;67;70;142;7,1;2,1;
2023/05/31;0000 UTC;0;992,1;992,1;992;;22,7;17,7;23,2;22,7;17,7;17,4;73;70;73;128;4,6;1,6;
2023/05/31;0100 UTC;0;992,4;992,4;992,1;;22,1;17,8;22,7;22,1;17,8;17,7;76;73;76;127;3,4;1,3;
2023/05/31;0200 UTC;0;992,1;992,4;992,1;;22;18,2;22,1;21,8;18,2;17,8;79;76;79;148;2,3;1;
2023/05/31;0300 UTC;0;991,7;992,1;991,7;;21,4;18,1;22;21,4;18,4;18,1;82;79;82;225;3,3;1,6;
2023/05/31;0400 UTC;0;991,1;991,7;991,1;;21,8;19,2;21,8;20,9;19,2;17,8;85;82;85;187;3,3;1,6;
2023/05/31;0500 UTC;0;990,5;991,1;990,5;;21,6;19,3;21,8;21,5;19,3;19,1;87;85;87;163;3,2;1,3;
2023/05/31;0600 UTC;0;990,3;990,5;990,2;;21,7;19,9;21,8;21,5;19,9;19,3;89;87;89;162;4,3;1,5;
2023/05/31;0700 UTC;0;990,3;990,3;990,1;;21,6;20,3;21,7;21,6;20,3;19,9;92;89;92;172;3,8;1,6;
2023/05/31;0800 UTC;0;991;991;990,3;;21,7;21;21,9;21,6;21;20,3;95;92;95;181;3,6;2;
2023/05/31;0900 UTC;0;991,8;991,8;991;;21,7;21,4;21,8;21,6;21,4;21;98;95;98;197;5;2,2;
2023/05/31;1000 UTC;0;992,4;992,4;991,8;39,4;21,6;21,5;21,8;21,5;21,7;21,3;100;98;100;189;5,1;2,3;
2023/05/31;1100 UTC;0;993,2;993,2;992,4;368,6;22,2;22,2;22,3;21,5;22,3;21,5;100;100;100;223;4,7;2;
2023/05/31;1200 UTC;0;993,5;993,7;993,2;1161,1;23,6;23,6;23,7;22,2;23,7;22,2;100;100;100;181;4,9;2,3;
2023/05/31;1300 UTC;0;993,5;993,7;993,5;1105;24,5;23,8;24,8;23,5;24,5;23,3;100;96;96;195;6;2,5;
2023/05/31;1400 UTC;0;993;993,5;993;908,4;24,9;23,8;25;23,9;24;22,9;96;94;94;178;6,5;2,6;
2023/05/31;1500 UTC;0;992;993;992;2043,5;27,5;25,7;27,5;24,9;25,7;23,7;95;90;90;134;5,7;2,6;
2023/05/31;1600 UTC;0;991,1;992;991,1;2227,1;26,9;24,2;27,7;25,9;25,9;23,2;90;85;85;201;6,7;2,5;
2023/05/31;1700 UTC;0;990,2;991,1;990,2;1451,8;27,4;24,2;27,4;26,1;24,3;23,2;85;82;82;174;6,6;3,5;
2023/05/31;1800 UTC;0;989,9;990,2;989,8;1456,6;26,6;22,5;28;26,6;24,4;22,4;82;78;78;147;7,8;3;
2023/05/31;1900 UTC;0;990;990,1;989,8;994,4;26,9;22,3;28;26,4;23,8;21,8;79;76;76;131;6,3;2,9;
2023/05/31;2000 UTC;0;990,4;990,4;990;352,6;25,7;20,9;27;25,7;22,5;20,9;76;75;75;138;6,3;3;
2023/05/31;2100 UTC;0;990,6;990,6;990,4;19,3;24,5;19,9;25,7;24,5;20,8;19,9;76;74;76;129;6,4;2,6;
2023/05/31;2200 UTC;0;991;991;990,6;;23,6;19,8;24,5;23,6;19,9;19,7;79;76;79;134;5,1;2,2;
2023/05/31;2300 UTC;0;991,5;991,5;991;;23,1;20;23,6;23,1;20;19,8;83;79;83;118;4,6;1,8;
2023/06/01;0000 UTC;0;991,9;991,9;991,5;;22,8;20,4;23,1;22,7;20,4;20;87;83;87;141;4,6;1,9;
2023/06/01;0100 UTC;0;991,9;992;991,8;;22,3;20,5;22,8;22,3;20,6;20,4;90;87;90;139;4;1,4;
2023/06/01;0200 UTC;0;991,6;992;991,6;;21,9;20,6;22,3;21,9;20,6;20,5;92;90;92;142;3,3;1,3;
2023/06/01;0300 UTC;0;991,3;991,6;991,3;;22,1;21,1;22,1;21,9;21,1;20,6;94;92;94;147;3,4;1,3;
2023/06/01;0400 UTC;0;990,8;991,3;990,8;;21,8;21,1;22,1;21,7;21,2;20,9;96;94;96;161;3,5;1,5;
2023/06/01;0500 UTC;0;990,1;990,8;990,1;;21,4;21;21,8;21,4;21,1;20,9;98;96;98;179;3,5;1,1;
2023/06/01;0600 UTC;0;989,7;990,1;989,7;;21,4;21,4;21,5;21,2;21,5;20,9;100;98;100;148;2,3;1,1;
2023/06/01;0700 UTC;0;989,7;989,7;989,5;;20,7;;21,4;20,6;21,4;20,6;100;100;;149;2,1;1;
2023/06/01;0800 UTC;0;990,2;990,2;989,7;;21;;21,2;20,3;;;;;;201;2,7;1,4;
2023/06/01;0900 UTC;0;990,8;990,8;990,2;;21,2;;21,2;20,1;;;;;;194;2,8;1;
2023/06/01;1000 UTC;0;991,3;991,4;990,8;114,3;21,5;;21,5;21,2;;;;;;206;3,3;1,4;
2023/06/01;1100 UTC;0;992,1;992,1;991,3;448,4;22,5;;22,5;21,5;;;;;;183;4,2;2,3;
2023/06/01;1200 UTC;0;992,7;992,7;992,1;604,3;23,8;;23,8;22,5;;;;;;137;5,5;2;
2023/06/01;1300 UTC;0;992,2;992,7;992,2;1837,5;26,3;;26,3;23,7;;;;;;123;5,2;2,7;
2023/06/01;1400 UTC;0;991,4;992,3;991,4;2566,6;27,5;26,9;28,1;26;;;;;97;168;5,6;2,4;
2023/06/01;1500 UTC;0;990,2;991,4;990,2;2236;27,9;25,6;29,4;26,8;27,9;25,6;97;87;87;190;6,1;2,4;
2023/06/01;1600 UTC;0;989,2;990,2;989,2;1608,8;28,7;25,7;28,9;27,6;26,4;24,7;88;84;84;175;5,7;2,9;
2023/06/01;1700 UTC;0;988,3;989,2;988,3;1722;29,6;25,4;29,6;27,8;26,2;23,9;84;78;78;136;6,8;3,1;
2023/06/01;1800 UTC;0;988;988,3;987,9;1740,2;29;23,3;29,6;28,4;25,2;23,3;78;72;72;154;6,7;3,3;
2023/06/01;1900 UTC;0;988,3;988,3;988;989,4;28,5;21,9;29,3;28,1;23,6;21,9;72;67;68;135;6,7;2,5;
2023/06/01;2000 UTC;0;988,7;988,7;988,3;478,1;26,5;19,5;28,7;26,5;22;19,5;68;65;66;117;6,3;3,1;
2023/06/01;2100 UTC;0;989,4;989,4;988,7;22;25,3;18,9;26,5;25,3;19,5;18,9;68;66;68;124;6,3;2,2;
2023/06/01;2200 UTC;0;989,8;989,8;989,4;;24,6;19,1;25,3;24,5;19,1;18,9;72;68;72;117;5;2,8;
2023/06/01;2300 UTC;0;989,5;989,8;989,5;;24;19,2;24,6;24;19,3;19,2;75;72;75;146;5,6;2,4;
2023/06/02;0000 UTC;0;989,9;989,9;989,3;;23,5;19,6;24;23,5;19,6;19,2;79;75;79;131;5;1,8;
2023/06/02;0100 UTC;0;990,2;990,3;989,9;;23;20;23,5;23;20;19,6;83;79;83;125;5;1,7;
2023/06/02;0200 UTC;0;990;990,3;990;;23,1;20,6;23,1;22,8;20,6;20;86;83;86;144;3,7;1,8;
2023/06/02;0300 UTC;0;989,8;990,1;989,8;;23,4;21,4;23,4;23;21,4;20,7;89;86;89;134;4,3;1,5;
2023/06/02;0400 UTC;0;989,2;989,8;989,2;;23,2;21,7;23,4;23,2;21,7;21,4;92;89;92;132;4,3;1,5;
2023/06/02;0500 UTC;0;988,9;989,3;988,9;;23;22,1;23,2;23;22,1;21,8;95;92;95;160;2,9;1,1;
2023/06/02;0600 UTC;0;988,5;988,9;988,5;;23,1;22,7;23,1;23;22,7;22,1;98;95;98;145;2,8;1,2;
2023/06/02;0700 UTC;0;988,3;988,5;988,1;;22,6;22,6;23,1;22,6;22,7;22,4;100;98;100;192;4,1;2,2;
2023/06/02;0800 UTC;0;988,7;988,7;988,3;;22,1;;22,6;22,1;22,6;22,2;100;100;;189;4,1;1,7;
2023/06/02;0900 UTC;0;988,8;988,9;988,7;;22,2;;22,2;22;;;;;;175;3,2;1,5;
2023/06/02;1000 UTC;0;989,5;989,5;988,8;116,4;22,6;;22,6;22,2;;;;;;172;4,4;2,1;
2023/06/02;1100 UTC;0;990,5;990,5;989,5;600,4;23,6;;23,9;22,6;;;;;;149;5,1;2;
2023/06/02;1200 UTC;0;990,7;990,7;990,5;1149,5;25;;25,3;23,6;;;;;;145;6,7;2,8;
2023/06/02;1300 UTC;0;990,5;990,8;990,5;1440,1;26,6;26,6;26,9;24,7;;;;;100;140;6,7;2,9;
2023/06/02;1400 UTC;0;989,5;990,5;989,5;2586,4;28,3;26,6;28,7;26,3;27,8;26,2;100;91;91;150;6,7;3,2;
2023/06/02;1500 UTC;0;988,7;989,5;988,7;1867,8;29,5;26,7;29,5;26,9;27;24,9;91;85;85;138;7,2;2,9;
2023/06/02;1600 UTC;0;988,2;988,7;988,2;2639,6;29,2;24,8;29,8;28,2;26,9;23,9;85;77;77;144;8,2;4,5;
2023/06/02;1700 UTC;0;987,6;988,2;987,6;2121,7;28,7;23,2;30,3;28,7;25,7;23,2;77;72;72;140;8;3,6;
2023/06/02;1800 UTC;0;987,3;987,6;987,2;1710,4;28,5;22,3;29,1;28,2;23,4;22,1;72;69;69;149;8,8;4,6;
2023/06/02;1900 UTC;0;988;988;987,3;897,1;25,3;19,7;28,5;25,3;22,3;19,5;71;68;71;161;11,1;4;
2023/06/02;2000 UTC;0;988,6;988,6;988;437,1;24,9;19,8;25,6;24,9;20,2;19,6;73;71;73;156;9,8;4,5;
2023/06/02;2100 UTC;0;989,2;989,2;988,5;23,3;24,1;19,6;24,9;24,1;19,8;19,5;76;73;76;156;9,2;3,3;
2023/06/02;2200 UTC;0;989,8;989,8;989,2;;23,5;19,5;24,1;23,5;19,7;19,4;78;76;78;151;8,8;3,9;
2023/06/02;2300 UTC;0;990,2;990,2;989,7;;23,1;19,6;23,5;23,1;19,6;19,5;81;78;81;152;8,2;3,8;
2023/06/03;0000 UTC;0;990,6;990,6;990,2;;22,7;19,7;23,1;22,7;19,9;19,5;83;81;83;140;8,6;3;
2023/06/03;0100 UTC;0;990,9;990,9;990,6;;22,6;20,1;22,7;22,5;20,1;19,7;86;83;86;153;6,5;2,8;
2023/06/03;0200 UTC;0;990,6;990,9;990,6;;22,7;20,6;22,8;22,5;20,6;20,1;88;86;88;162;5,8;3,2;
2023/06/03;0300 UTC;0;990,4;990,7;990,4;;23;21,3;23;22,7;21,3;20,6;90;88;90;154;5,9;2,5;
2023/06/03;0400 UTC;0;990,1;990,4;990,1;;23;21,7;23,2;23;21,8;21,3;92;90;92;172;7,2;3,1;
2023/06/03;0500 UTC;0;989,5;990,1;989,5;;22,8;21,8;23;22,7;21,8;21,6;94;92;94;174;8,8;3,3;
2023/06/03;0600 UTC;0;989,3;989,5;989,2;;22,2;21,6;22,8;22,2;21,8;21,5;96;94;96;174;7,4;2,8;
2023/06/03;0700 UTC;,6;989,3;989,3;989;;22;21,8;22,3;22;21,8;21,6;99;96;99;161;7,5;2,9;
2023/06/03;0800 UTC;,2;989,6;989,7;989,3;;21,9;21,9;22;21,9;21,9;21,8;100;99;100;176;6,8;3,3;
2023/06/03;0900 UTC;0;990,3;990,3;989,6;,6;21,8;;21,9;21,8;;;;;;180;7,2;3,2;
2023/06/03;1000 UTC;0;991;991;990,3;73,6;21,7;;21,8;21,6;;;;;;184;9;4,3;
2023/06/03;1100 UTC;0;991,8;991,8;991;370,2;22,2;;22,2;21,6;;;;;;179;8,4;2,8;
2023/06/03;1200 UTC;0;992,1;992,1;991,8;791,8;23,2;23,2;23,3;22,2;;;;;100;176;7;3,2;
2023/06/03;1300 UTC;0;992;992,1;991,9;1367,6;24,6;24,1;24,7;23,2;24,5;23,3;100;97;97;154;9,2;4,3;
2023/06/03;1400 UTC;0;991,2;992;991,2;1805,8;25,6;24;26,1;24,4;25;23,7;97;90;91;160;9,9;5;
2023/06/03;1500 UTC;0;990,4;991,2;990,2;2686;26,5;23,3;27,9;25,6;25,4;23,3;91;83;83;148;10,6;4,9;
2023/06/03;1600 UTC;0;989,8;990,7;989,8;1140,5;24,6;21,6;26,5;23,7;23,2;20,8;86;82;84;166;10,9;4,8;
2023/06/03;1700 UTC;0;989,3;989,8;989,3;1258,5;25,7;22,4;26,4;24,2;23,7;21,2;86;82;82;154;10,9;4,6;
2023/06/03;1800 UTC;0;989,3;989,3;989,1;726,7;25,2;21,1;25,9;25;22,5;21,1;82;78;78;164;12;4,4;
2023/06/03;1900 UTC;0;989,6;989,6;989,3;501,3;23,9;20,1;25,3;23,9;21,2;19,9;79;77;79;166;10,2;3,8;
2023/06/03;2000 UTC;0;990,2;990,2;989,6;167,3;23,4;19,9;23,9;23,2;20,1;19,6;81;79;81;165;9,8;4,1;
2023/06/03;2100 UTC;0;990,5;990,6;990,2;15,8;22,8;19,7;23,3;22,6;19,9;19,4;83;81;83;174;9,8;3,4;
2023/06/03;2200 UTC;0;990,8;990,8;990,5;;22,9;20,2;22,9;22,8;20,2;19,7;85;83;85;172;7,1;3,5;
2023/06/03;2300 UTC;0;991,3;991,3;990,8;;22,8;20,1;22,9;22,8;20,2;20,1;85;85;85;180;7,4;2,8;
2023/06/04;0000 UTC;0;991,7;991,7;991,3;;22,4;19,9;22,8;22,4;20,1;19,9;86;85;86;180;5,8;2,5;
2023/06/04;0100 UTC;0;991,9;991,9;991,7;;22,4;20,1;22,7;22,4;20,3;19,9;87;86;87;180;7,7;2,6;
2023/06/04;0200 UTC;0;991,9;991,9;991,8;;22,3;20,2;22,4;22,1;20,2;19,9;88;87;88;157;5,1;1,9;
2023/06/04;0300 UTC;0;991,8;992;991,7;;22,3;20,3;22,4;22,3;20,3;20,2;89;88;89;170;6,2;3;
2023/06/04;0400 UTC;,4;991,3;991,8;991,3;;21,4;19,7;22,3;21,4;20,3;19,7;90;89;90;182;6,9;3,4;
2023/06/04;0500 UTC;,2;991;991,4;991;;21,2;20,2;21,4;21,2;20,2;19,7;94;90;94;184;6,6;3,3;
2023/06/04;0600 UTC;,6;990,9;991;990,9;;21,2;20,8;21,3;21,1;20,8;20,2;98;94;98;175;7;2,4;
2023/06/04;0700 UTC;,6;990,7;990,9;990,7;;20,8;20,8;21,2;20,8;21;20,7;100;98;100;189;5,9;3;
2023/06/04;0800 UTC;0;991;991;990,7;;20,4;;20,8;20,4;;;;;;184;5,9;2,8;
2023/06/04;0900 UTC;0;991,7;991,7;991;;20,2;;20,4;20,2;;;;;;188;6,3;3,1;
2023/06/04;1000 UTC;0;992,2;992,3;991,7;92,6;20,2;;20,3;20,1;;;;;;181;6,3;2,9;
2023/06/04;1100 UTC;0;992,9;992,9;992,2;513,4;21,2;;21,2;20,2;;;;;;188;6,9;3,3;
2023/06/04;1200 UTC;0;993,6;993,7;992,9;975;22,6;;22,7;21,2;;;;;;176;6,9;2,6;
2023/06/04;1300 UTC;0;993,7;993,8;993,5;1154,4;23,5;;24,3;22,6;;;;;;183;6,5;3,5;
2023/06/04;1400 UTC;0;993,4;993,7;993,4;2472,3;26,1;25,5;26,1;23,5;;;;;97;166;7,9;3,8;
2023/06/04;1500 UTC;0;992,5;993,4;992,5;2116,9;26,6;24,7;27;25,4;25,9;24,1;97;88;89;137;8,8;3,7;
2023/06/04;1600 UTC;0;991,8;992,5;991,8;2010,7;26,7;23,8;27,6;25,9;25,1;23,2;89;84;84;159;9,5;4,1;
2023/06/04;1700 UTC;0;991,3;991,8;991,3;1652,8;26,4;22,5;27,4;25,9;24,1;22,4;84;79;79;152;9,1;3,7;
2023/06/04;1800 UTC;0;991,1;991,3;990,9;1187;25,3;21;27,2;25,3;23;20,9;79;77;77;150;9,9;4,5;
2023/06/04;1900 UTC;0;991,5;991,5;991,1;778,2;23,9;19,9;25,3;23,9;21,3;19,9;79;77;78;168;9,9;4,7;
2023/06/04;2000 UTC;0;991,8;991,8;991,4;230,1;22,6;19,5;23,9;22,6;20,3;19,5;83;78;83;161;8,7;3,2;
2023/06/04;2100 UTC;1,4;992;992;991,8;6,8;21,9;19,8;22,6;21,9;19,8;19,4;88;83;88;170;6,4;2,6;
2023/06/04;2200 UTC;,4;992,4;992,4;991,9;;21,7;20,3;21,9;21,7;20,3;19,7;92;88;92;167;7,8;2,5;
2023/06/04;2300 UTC;0;993;993;992,4;;21,9;21,1;21,9;21,7;21,1;20,3;95;92;95;166;5,7;2,6;
2023/06/05;0000 UTC;0;993,3;993,3;993;;21,8;21,6;22;21,8;21,6;21,2;99;95;99;147;5,7;2,2;
2023/06/05;0100 UTC;0;993,1;993,3;993,1;;21,8;21,8;21,8;21,7;21,8;21,6;100;99;100;156;4,6;1,5;
2023/06/05;0200 UTC;0;993;993,2;993;;21,7;;21,8;21,7;;;;;;180;4,2;1,7;
2023/06/05;0300 UTC;0;992,9;993;992,7;;21,7;;21,7;21,6;;;;;;167;5,9;2,5;
2023/06/05;0400 UTC;,2;992,4;992,9;992,4;;21,4;;21,7;21,4;;;;;;146;5,9;2;
2023/06/05;0500 UTC;0;991,7;992,4;991,7;;21,3;;21,4;21,1;;;;;;187;4,3;1,9;
2023/06/05;0600 UTC;0;991,1;991,7;991,1;;21,3;;21,3;21,2;;;;;;218;3,8;1,8;
2023/06/05;0700 UTC;0;991;991,2;990,9;;21,3;;21,3;21,2;;;;;;200;3,7;1,6;
2023/06/05;0800 UTC;0;991,2;991,3;991;;21,2;;21,3;21,2;;;;;;181;5,4;2,4;
2023/06/05;0900 UTC;,2;991,4;991,4;991,1;;20,6;;21,2;20,6;;;;;;189;7,6;3,8;
2023/06/05;1000 UTC;,4;991,8;991,8;991,4;40,3;20,4;;20,6;20,3;;;;;;186;7,3;3,1;
2023/06/05;1100 UTC;,2;992,4;992,4;991,8;228,2;20,8;;20,8;20,3;;;;;;183;6,2;2,6;
2023/06/05;1200 UTC;,8;992,9;992,9;992,4;457,8;21,1;;21,1;20,7;;;;;;177;5,1;2,6;
2023/06/05;1300 UTC;1;992,9;993;992,8;971,4;21,7;;21,8;21;;;;;;179;6,6;3,6;
2023/06/05;1400 UTC;1;992,4;993;992,4;1059,3;21,8;;21,8;21,2;;;;;;164;7,6;2,7;
2023/06/05;1500 UTC;0;991,8;992,4;991,8;1944,5;24,2;;24,2;21,7;;;;;;171;5,4;2,3;
2023/06/05;1600 UTC;0;991;991,8;991;1952,3;25,5;;25,9;24;;;;;;164;6,2;3,2;
2023/06/05;1700 UTC;0;990,1;991;990,1;927,8;24,7;;25,5;23,4;;;;;;181;6,5;3,2;
2023/06/05;1800 UTC;0;990,1;990,2;990,1;964,2;24;;24,7;23,9;;;;;;162;6,9;3,3;
2023/06/05;1900 UTC;0;990,3;990,3;989,9;535,2;23,2;;24;23,2;;;;;;156;6,9;3;
2023/06/05;2000 UTC;0;990,6;990,6;990,2;193,5;22,5;;23,5;22,5;;;;;;142;6,1;2,2;
2023/06/05;2100 UTC;2,6;991,1;991,1;990,6;6,4;21,7;;22,5;21,7;;;;;;168;5,1;2,3;
2023/06/05;2200 UTC;,8;991,6;991,7;991,1;;21,6;;21,7;21,4;;;;;;139;4,5;1;
2023/06/05;2300 UTC;,2;991,8;991,9;991,6;;21,5;;21,6;21,5;;;;;;193;5,5;2,2;
2023/06/06;0000 UTC;0;992,1;992,1;991,8;;21,3;;21,5;21,3;;;;;;183;5,5;2,3;
2023/06/06;0100 UTC;0;992,2;992,2;992,1;;21,3;;21,4;21,3;;;;;;187;5,1;2,1;
2023/06/06;0200 UTC;1,8;992;992,2;992;;21,1;;21,3;21;;;;;;186;4,9;2,2;
2023/06/06;0300 UTC;0;991,6;992;991,6;;21;;21,1;21;;;;;;196;5,1;1,1;
2023/06/06;0400 UTC;0;991,1;991,7;991,1;;21,1;;21,2;21;;;;;;204;3,4;1,5;
2023/06/06;0500 UTC;0;990,6;991,2;990,6;;20,8;;21,1;20,7;;;;;;186;3,8;,9;
2023/06/06;0600 UTC;0;990,2;990,6;990,2;;20,4;;20,8;20,3;;;;;;207;3,6;1,4;
2023/06/06;0700 UTC;0;990,1;990,2;990;;20,6;;20,6;20,4;;;;;;215;4,1;1,1;
2023/06/06;0800 UTC;0;990;990,1;989,9;;20,7;;20,7;20,6;;;;;;173;3,6;1,7;
2023/06/06;0900 UTC;0;990,5;990,5;990;;20,7;;20,7;20,7;;;;;;191;4;1,9;
2023/06/06;1000 UTC;0;991,3;991,3;990,6;48,9;21;;21;20,7;;;;;;182;3,9;1,3;
2023/06/06;1100 UTC;0;992;992;991,3;206;21,4;;21,4;21;;;;;;195;2,9;1,4;
2023/06/06;1200 UTC;,2;992,6;992,6;992;263;21,5;;21,7;21,3;;;;;;177;3,8;2,4;
2023/06/06;1300 UTC;,4;992,8;992,8;992,5;972,3;22,4;;22,5;21,5;;;;;;154;4,1;1,6;
2023/06/06;1400 UTC;0;992,4;992,8;992,4;911,1;22,7;;23;22;;;;;;140;5,5;2,3;
2023/06/06;1500 UTC;1,2;991,9;992,4;991,9;818,8;22,6;;23,5;22,4;;;;;;189;5,7;2,4;
2023/06/06;1600 UTC;1;991;991,9;991;905,7;22,5;;23;22;;;;;;189;6,9;2,1;
2023/06/06;1700 UTC;,4;990,2;991;990,2;1141,1;22,6;;23,3;22,3;;;;;;157;6,2;2,3;
2023/06/06;1800 UTC;,2;989,8;990,2;989,8;638,1;22,5;;22,8;22,2;;;;;;172;6,8;2,5;
2023/06/06;1900 UTC;0;990;990;989,8;414,9;22,3;;22,6;22,2;;;;;;162;8,6;3,1;
2023/06/06;2000 UTC;,2;990,4;990,4;989,9;139,6;21,8;;22,5;21,8;;;;;;156;7;3,2;
2023/06/06;2100 UTC;0;990,7;990,8;990,4;8,3;21,8;;21,9;21,7;;;;;;166;6,4;3,1;
2023/06/06;2200 UTC;,2;991,2;991,2;990,7;;21,6;;21,8;21,6;;;;;;161;6,3;2,5;
2023/06/06;2300 UTC;,2;991,6;991,6;991,2;;21,3;;21,6;21,3;;;;;;156;5;1,5;
2023/06/07;0000 UTC;,2;992;992;991,6;;21,2;;21,4;21,2;;;;;;162;4,9;2,5;
2023/06/07;0100 UTC;,4;992,3;992,3;992;;21,3;;21,3;21,2;;;;;;160;5;1,5;
2023/06/07;0200 UTC;,4;992,4;992,5;992,3;;21,2;;21,3;21,2;;;;;;170;4;2,1;
2023/06/07;0300 UTC;,2;992,2;992,5;992,2;;21,1;;21,2;21,1;;;;;;200;4,1;1,8;
2023/06/07;0400 UTC;0;991,9;992,2;991,8;;21,1;;21,1;21;;;;;;188;4,7;2,3;
2023/06/07;0500 UTC;0;991,4;991,9;991,4;;21;;21,1;21;;;;;;193;4;1,7;
2023/06/07;0600 UTC;,2;991;991,4;991;;20,9;;21;20,9;;;;;;173;5,3;2,2;
2023/06/07;0700 UTC;0;991,2;991,2;990,8;;20,9;;21;20,9;;;;;;164;4,6;1,9;
2023/06/07;0800 UTC;,4;991,4;991,4;991,2;;20,8;;20,9;20,8;;;;;;174;4,6;1,8;
2023/06/07;0900 UTC;4,6;991,8;991,8;991,4;;20,8;;20,9;20,7;;;;;;114;4;1,2;
2023/06/07;1000 UTC;1,8;992,2;992,2;991,8;65,2;20,8;;20,9;20,6;;;;;;132;3,9;1,8;
2023/06/07;1100 UTC;,2;992,9;992,9;992,2;654,8;21,8;;21,9;20,8;;;;;;165;4,3;2,2;
2023/06/07;1200 UTC;0;993,4;993,4;992,9;418,3;21,8;;22;21,6;;;;;;184;4,4;2,2;
2023/06/07;1300 UTC;0;993,5;993,6;993,3;802,7;22,6;;22,8;21,6;;;;;;171;5,6;2,7;
2023/06/07;1400 UTC;0;993,3;993,7;993,3;1332,6;23,4;;23,4;22,4;;;;;;155;6;2,5;
2023/06/07;1500 UTC;0;992,8;993,3;992,8;1189,9;23,9;;24;23;;;;;;137;7,2;2,6;
2023/06/07;1600 UTC;0;992,1;992,8;992,1;1151,2;23,9;;24,2;23,2;;;;;;148;6,5;2,5;
2023/06/07;1700 UTC;0;991,2;992,1;991,2;1228,2;24,8;;25,2;23,9;;;;;;151;7,3;3;
2023/06/07;1800 UTC;0;991,1;991,2;991;805,5;24,3;;25,3;24,3;;;;;;153;7,5;3,3;
2023/06/07;1900 UTC;0;991,2;991,2;991;488,1;24,5;;24,9;24,3;;;;;;161;7,5;2,7;
2023/06/07;2000 UTC;0;991,4;991,4;991,2;310;23,7;;24,6;23,7;;;;;;178;7,5;2,9;
2023/06/07;2100 UTC;0;991,7;991,7;991,4;18,7;23;;23,7;23;;;;;;165;7,2;2,9;
2023/06/07;2200 UTC;0;992;992,1;991,7;;22,8;;23;22,8;;;;;;167;6,7;2,9;
2023/06/07;2300 UTC;0;992,6;992,6;992;;22,7;;22,8;22,6;;;;;;180;6,7;2,7;
2023/06/08;0000 UTC;0;993,2;993,2;992,6;;22,4;;22,7;22,4;;;;;;186;6;2,3;
2023/06/08;0100 UTC;,2;993,3;993,4;993,2;;21,9;;22,5;21,9;;;;;;177;7,1;2,5;
2023/06/08;0200 UTC;0;993;993,3;993;;21,6;;21,9;21,6;;;;;;202;5,8;2,1;
2023/06/08;0300 UTC;,2;992,9;993;992,9;;21,6;;21,7;21,6;;;;;;183;6;2,6;
2023/06/08;0400 UTC;,2;992,4;992,9;992,4;;21,5;;21,7;21,5;;;;;;178;6,2;2,2;
2023/06/08;0500 UTC;,4;991,8;992,4;991,8;;21,5;;21,6;21,5;;;;;;185;6,2;2,6;
2023/06/08;0600 UTC;,4;991,4;991,8;991,4;;21,3;;21,5;21,3;;;;;;183;6,8;3,1;
2023/06/08;0700 UTC;4;991,2;991,4;991;;21,1;;21,3;21,1;;;;;;168;6,9;2,7;
2023/06/08;0800 UTC;,2;991,4;991,5;991,2;;21,1;;21,1;21;;;;;;163;8,1;3;
2023/06/08;0900 UTC;0;991,9;991,9;991,4;;21,2;;21,2;21,1;;;;;;160;7,3;1,8;
2023/06/08;1000 UTC;,4;992,6;992,6;991,9;100,3;21,2;;21,3;21,1;;;;;;148;5;1,8;
2023/06/08;1100 UTC;,2;993,3;993,3;992,6;469,8;21,6;;21,6;21,1;;;;;;175;4,9;2,2;
2023/06/08;1200 UTC;0;993,8;993,8;993,3;583,7;22;;22;21,6;;;;;;175;4,7;2,4;
2023/06/08;1300 UTC;2;994,1;994,1;993,7;644,2;22,2;;22,3;22;;;;;;169;5;2,1;
2023/06/08;1400 UTC;,8;993,6;994,1;993,6;983,8;22,2;;22,6;21,9;;;;;;102;5,1;3,1;
2023/06/08;1500 UTC;0;992,8;993,6;992,8;1869,6;24,3;;24,3;22,2;;;;;;137;5,1;1,5;
2023/06/08;1600 UTC;0;991,9;992,8;991,9;2342;26;;26;24,3;;;;;;120;5;2,6;
2023/06/08;1700 UTC;0;991,2;991,9;991,2;1734,7;26,5;;26,6;25,3;;;;;;139;5,5;2,8;
2023/06/08;1800 UTC;,2;991;991,2;991;946,8;23,9;;26,5;23,7;;;;;;149;8,5;2,7;
2023/06/08;1900 UTC;0;991;991,1;991;597;24,6;;24,9;23,9;;;;;;147;5,7;2,4;
2023/06/08;2000 UTC;0;991,3;991,3;991;209,6;23;;24,6;23;;;;;;160;6,5;2,9;
2023/06/08;2100 UTC;0;991,7;991,7;991,3;26,6;23,1;;23,1;23;;;;;;165;6,4;2,2;
2023/06/08;2200 UTC;0;992,1;992,1;991,7;;22,9;;23,1;22,9;;;;;;173;4,9;2,7;
2023/06/08;2300 UTC;0;992,3;992,3;992,1;;21,9;;22,9;21,9;;;;;;147;6,4;1,8;
2023/06/09;0000 UTC;0;992,6;992,6;992,3;;22,2;;22,2;21,9;;;;;;177;4,4;2;
2023/06/09;0100 UTC;0;992,7;992,9;992,6;;22,2;;22,3;22,2;;;;;;180;4,5;1,3;
2023/06/09;0200 UTC;0;992,6;992,7;992,6;;22,3;;22,3;22,2;;;;;;187;3,7;1,9;
2023/06/09;0300 UTC;,4;992,4;992,6;992,4;;22;;22,3;22;;;;;;193;3,9;1,7;
2023/06/09;0400 UTC;0;991,8;992,4;991,8;;22;;22;22;;;;;;178;4;1,6;
2023/06/09;0500 UTC;0;991,2;991,8;991,2;;21,9;;22;21,8;;;;;;163;5,1;1,9;
2023/06/09;0600 UTC;,2;990,7;991,2;990,7;;21,7;;21,9;21,6;;;;;;185;4,4;1,8;
2023/06/09;0700 UTC;,4;990,5;990,7;990,5;;21,7;;21,7;21,6;;;;;;165;3,9;1,3;
2023/06/09;0800 UTC;0;990,8;990,8;990,5;;21,6;;21,7;21,6;;;;;;173;5,1;1,8;
2023/06/09;0900 UTC;0;991;991;990,7;;21,3;;21,6;21,3;;;;;;175;3,5;1,4;
2023/06/09;1000 UTC;0;991,5;991,5;991;127,8;21,8;;21,8;21,3;;;;;;164;3,7;1,3;
2023/06/09;1100 UTC;0;992,4;992,4;991,5;443;22,2;;22,2;21,7;;;;;;188;3,8;2,1;
2023/06/09;1200 UTC;0;993;993;992,4;535,2;23;;23,1;22,2;;;;;;152;3,5;1,5;
2023/06/09;1300 UTC;0;992,7;993;992,7;1303,8;24,5;;24,5;23;;;;;;163;4,3;2,5;
2023/06/09;1400 UTC;0;992,6;992,7;992,6;1778;25,6;;26;24,3;;;;;;171;4,5;2,1;
2023/06/09;1500 UTC;0;991,9;992,6;991,9;1530,7;26,5;;26,7;25,4;;;;;;161;4,8;1,7;
2023/06/09;1600 UTC;0;990,9;991,9;990,9;1395,6;26,1;;27,5;26,1;;;;;;167;4,8;2,1;
2023/06/09;1700 UTC;0;990,1;990,9;990,1;1755;27,5;27,5;27,8;26,1;;;;;100;115;3,9;1,6;
2023/06/09;1800 UTC;0;990,2;990,2;990;749,9;25,4;25,3;27,5;25,4;27,5;25,1;100;97;99;92;5,2;2,2;
2023/06/09;1900 UTC;0;990,5;990,5;990,2;501,7;24,2;;25,4;24,2;25,1;24,2;100;99;;142;5,4;2,4;
2023/06/09;2000 UTC;0;990,9;990,9;990,5;241,9;24;;24,5;24;;;;;;134;5,5;2,5;
2023/06/09;2100 UTC;0;991,3;991,4;990,9;11,5;23,1;;24;23;;;;;;144;6,2;2,1;
2023/06/09;2200 UTC;,2;992;992;991,3;;22,5;;23,1;22,5;;;;;;144;5,1;1,6;
2023/06/09;2300 UTC;,2;992,4;992,4;992;;21,5;;22,6;21,5;;;;;;110;8,5;3,6;
2023/06/10;0000 UTC;0;993;993;992,4;;21,2;;21,5;21,2;;;;;;100;7,2;2,7;
2023/06/10;0100 UTC;0;993,2;993,4;993;;21,1;;21,2;21,1;;;;;;81;6,4;2,8;
2023/06/10;0200 UTC;0;992,8;993,2;992,7;;21,2;;21,2;21,1;;;;;;87;5,4;1,1;
2023/06/10;0300 UTC;0;992,6;992,8;992,6;;21,2;;21,3;21,1;;;;;;190;2,9;,4;
2023/06/10;0400 UTC;0;992,2;992,7;992,2;;20,5;;21,2;20,5;;;;;;177;1,7;,5;
2023/06/10;0500 UTC;0;991,8;992,2;991,8;;20,4;;20,6;20,4;;;;;;171;2,4;1,1;
2023/06/10;0600 UTC;0;991,3;991,8;991,3;;19,1;;20,4;19,1;;;;;;241;1,8;,4;
2023/06/10;0700 UTC;0;991,1;991,3;991;;19;;19,2;18,6;;;;;;229;1,1;,8;
2023/06/10;0800 UTC;0;991,4;991,4;991,1;;19,1;;19,4;18,6;;;;;;222;2;,7;
2023/06/10;0900 UTC;0;991,7;991,7;991,4;;19,4;;19,5;19,1;;;;;;211;1,6;,8;
2023/06/10;1000 UTC;0;992,2;992,2;991,7;152,6;19,8;;19,8;19,3;;;;;;223;1,6;,4;
2023/06/10;1100 UTC;0;992,9;992,9;992,2;534,6;21;;21,1;19,8;;;;;;205;2,9;1,3;
2023/06/10;1200 UTC;0;993,1;993,2;992,9;1059,8;22,7;;22,8;20,9;;;;;;183;4,8;2,7;
2023/06/10;1300 UTC;0;993,1;993,2;993,1;1535,4;24,3;;24,3;22,7;;;;;;147;4,8;2,1;
2023/06/10;1400 UTC;0;992,5;993,1;992,5;2300,8;27,3;;27,3;24,3;;;;;;109;6,4;2,9;
2023/06/10;1500 UTC;0;991,6;992,5;991,6;2778,8;27,6;27,6;28,2;26,4;;;;;100;138;7,4;3,4;
2023/06/10;1600 UTC;0;990,6;991,7;990,6;2592,4;28,1;26,8;28,3;26,9;27,9;26;100;92;92;121;7,4;2,4;
2023/06/10;1700 UTC;0;989,8;990,6;989,8;2278,8;28,2;25,6;28,7;27,6;27,1;25,3;93;86;86;136;5,9;3,5;
2023/06/10;1800 UTC;0;989,5;989,8;989,5;1538,2;28,1;24,7;28,4;27,4;25,5;24,1;86;82;82;126;6,6;3,2;
2023/06/10;1900 UTC;0;989,6;989,6;989,4;986,5;27;23,2;28,2;26,7;24,8;22,9;82;79;80;130;6,6;2,8;
2023/06/10;2000 UTC;0;990;990;989,6;445,9;25,9;21,9;27,2;25,9;23,3;21,9;80;79;79;142;5,9;2,6;
2023/06/10;2100 UTC;0;990,5;990,5;990;20,2;24,4;20,9;25,9;24,4;21,9;20,9;81;79;81;148;5,4;2,5;
2023/06/10;2200 UTC;0;991;991;990,5;;23,5;20,4;24,4;23,5;20,9;20,4;83;81;83;143;5,3;2,1;
2023/06/10;2300 UTC;0;991,7;991,7;991;;22,9;20,4;23,5;22,9;20,5;20,4;86;83;86;133;5,4;2,2;
2023/06/11;0000 UTC;0;992,3;992,3;991,7;;22,4;20,5;22,9;22,4;20,6;20,4;89;86;89;141;4;1,7;
2023/06/11;0100 UTC;0;992,2;992,3;992,2;;22;20,7;22,4;22;20,7;20,5;92;89;92;142;3,3;1,5;
2023/06/11;0200 UTC;0;992;992,2;992;;21,5;20,7;22;21,5;20,9;20,6;95;92;95;174;2,9;,8;
2023/06/11;0300 UTC;0;991,8;992;991,8;;20,5;20,1;21,5;20,5;20,8;20,1;97;95;97;192;1,6;,7;
2023/06/11;0400 UTC;0;991,4;991,8;991,4;;21,2;21,2;21,2;20,2;21,2;19,9;100;97;100;200;2;1,1;
2023/06/11;0500 UTC;0;991,2;991,4;991,2;;21,1;;21,4;21,1;;;;;;188;3,1;1,4;
2023/06/11;0600 UTC;0;991;991,2;990,9;;21;;21,1;20,9;;;;;;204;2,9;1,6;
2023/06/11;0700 UTC;0;991,2;991,2;990,9;;20,9;;21,1;20,8;;;;;;181;3,5;1,5;
2023/06/11;0800 UTC;0;991,2;991,2;991;;21,4;;21,4;20,9;;;;;;180;3,2;1,2;
2023/06/11;0900 UTC;0;991,4;991,4;991,2;0;21,4;;21,5;21,4;;;;;;176;3,4;1,8;
2023/06/11;1000 UTC;0;991,9;991,9;991,4;113,8;21,7;;21,8;21,4;;;;;;181;3,2;1,4;
2023/06/11;1100 UTC;0;992,5;992,5;991,9;339,2;21,9;;21,9;21,5;;;;;;185;3,3;2,1;
2023/06/11;1200 UTC;0;992,8;992,8;992,5;778,5;23,1;;23,1;21,9;;;;;;168;5,2;2,3;
2023/06/11;1300 UTC;0;992,5;992,8;992,5;1270,7;24,3;;24,8;23,1;;;;;;148;5,2;2,2;
2023/06/11;1400 UTC;0;992;992,5;992;1882,8;25,8;;26,7;24,3;;;;;;126;5,9;2,9;
2023/06/11;1500 UTC;0;991;992;991;2767,6;27,6;27,6;28,2;25,7;;;;;100;117;5,9;2,8;
2023/06/11;1600 UTC;0;990,2;991;990,2;2396,2;28,3;26,8;28,8;27,6;28,6;26,4;100;92;92;143;7,5;3,2;
2023/06/11;1700 UTC;0;989,6;990,2;989,6;2089,7;28,6;26,3;28,9;27,9;27,1;25,5;92;87;87;120;7,5;2,8;
2023/06/11;1800 UTC;0;989,4;989,7;989,3;1775,9;28,2;24,8;28,9;27,7;26,6;24,3;88;82;82;136;8,3;3,7;
2023/06/11;1900 UTC;0;989,7;989,7;989,4;889,9;26,7;23;28,4;26,6;25;22,8;82;79;80;143;7,4;2,8;
2023/06/11;2000 UTC;0;990,2;990,2;989,7;362,3;26,2;21,9;27,2;26,2;23,5;21,9;80;77;77;131;7,3;3,4;
2023/06/11;2100 UTC;0;990,8;990,8;990,2;18,9;24,6;20,7;26,2;24,6;21,8;20,7;79;77;79;139;7;2,4;
2023/06/11;2200 UTC;0;991,1;991,1;990,8;;23,7;20,4;24,6;23,7;20,7;20,4;82;79;82;123;5,3;2,7;
2023/06/11;2300 UTC;0;991,6;991,6;991,1;;23,1;20,3;23,7;23;20,4;20,2;84;82;84;127;5,2;2,2;
2023/06/12;0000 UTC;0;992;992,1;991,6;;22,2;20;23,1;22,2;20,3;20;87;84;87;128;4,2;1,2;
2023/06/12;0100 UTC;0;992;992,1;992;;21,8;20,2;22,2;21,7;20,2;19,9;91;87;91;133;3,1;1,8;
2023/06/12;0200 UTC;0;992;992;991,9;;21,5;20,6;21,8;21,5;20,6;20,2;94;91;94;123;3,3;1,2;
2023/06/12;0300 UTC;0;991,7;992;991,7;;21,3;20,9;21,5;21,3;20,9;20,6;98;94;98;129;2,6;1,3;
2023/06/12;0400 UTC;0;991,3;991,7;991,3;;21,1;21,1;21,3;21,1;21,1;20,9;100;98;100;123;2,5;1,2;
2023/06/12;0500 UTC;0;991;991,4;991;;20,3;;21,1;20,3;;;;;;92;2,1;,6;
2023/06/12;0600 UTC;0;990,8;991;990,8;;20,1;;20,5;19,9;;;;;;142;1,9;1;
2023/06/12;0700 UTC;0;990,8;990,8;990,7;;19,5;;20,1;19,4;;;;;;291;1,9;,5;
2023/06/12;0800 UTC;0;991,1;991,1;990,8;;18,8;;19,5;18,8;;;;;;281;,9;,1;
2023/06/12;0900 UTC;0;991,5;991,5;991,1;;18,4;;18,8;18,4;;;;;;314;,9;,7;
2023/06/12;1000 UTC;0;991,8;991,8;991,5;191,4;20,7;;20,8;18,4;;;;;;200;1,9;,6;
2023/06/12;1100 UTC;0;992,8;992,8;991,8;858,5;23;;23;20,6;;;;;;138;3,1;1;
2023/06/12;1200 UTC;0;993,2;993,2;992,8;1094,9;24,3;;24,3;23;;;;;;141;5;2,2;
2023/06/12;1300 UTC;0;993,1;993,2;993;1819,4;25,9;;26,1;24,2;;;;;;115;5,6;2,5;
2023/06/12;1400 UTC;0;992,5;993;992,5;2610,9;27,3;26,6;27,6;25,7;;;;;96;108;6,8;2,9;
2023/06/12;1500 UTC;0;991,5;992,5;991,5;2332,2;28,2;25,5;28,4;27,1;27,4;24,9;96;85;85;113;5,5;2,9;
2023/06/12;1600 UTC;0;990,5;991,5;990,5;2510,5;29;24,8;29,4;27,8;25,7;23,8;85;78;78;122;6,6;3,1;
2023/06/12;1700 UTC;0;989,9;990,6;989,9;2477,7;29;23,2;29,6;28,9;24,7;23,2;78;71;71;121;7,6;3,4;
2023/06/12;1800 UTC;0;989,7;989,9;989,6;1355,2;27,2;21;29,4;27,2;23,6;21;71;68;69;129;6,9;3,8;
2023/06/12;1900 UTC;0;989,9;989,9;989,7;1023,1;27,6;21,3;28,1;27;21,9;20,8;70;68;69;130;7;3,3;
2023/06/12;2000 UTC;0;990,5;990,5;989,9;438,1;26,3;19,7;27,6;26,3;21,3;19,7;69;67;67;138;6,4;3,3;
2023/06/12;2100 UTC;0;990,8;990,8;990,5;31,7;24,9;19;26,3;24,9;19,7;19;70;67;70;145;6,3;2,3;
2023/06/12;2200 UTC;0;991,3;991,4;990,8;;24;18,9;24,9;24;19;18,8;73;70;73;140;5,8;2,3;
2023/06/12;2300 UTC;0;991,7;991,8;991,3;;23,3;19,1;24;23,3;19,1;18,8;77;73;77;138;4,6;2;
2023/06/13;0000 UTC;0;991,9;991,9;991,7;;22,8;19,4;23,3;22,8;19,4;19,1;81;77;81;140;4;1,8;
2023/06/13;0100 UTC;0;992;992,1;991,9;;22,4;19,7;22,8;22,4;19,7;19,4;85;81;85;141;3,9;1,6;
2023/06/13;0200 UTC;0;991,8;992,1;991,8;;21,9;19,7;22,4;21,9;19,8;19,7;87;85;87;137;3,3;1,2;
2023/06/13;0300 UTC;0;991,6;991,9;991,6;;22,1;20,5;22,1;21,9;20,5;19,8;91;87;91;154;2,5;1,4;
2023/06/13;0400 UTC;0;991,2;991,6;991,2;;22,2;21,2;22,2;22;21,2;20,6;94;91;94;180;2,5;1,2;
2023/06/13;0500 UTC;0;990,9;991,3;990,8;;21,9;21,6;22,2;21,7;21,6;21,1;98;94;98;175;2,7;1,3;
2023/06/13;0600 UTC;0;990,8;990,9;990,8;;21,2;21,2;22;21,1;21,9;21,1;100;98;100;243;2,5;,9;
2023/06/13;0700 UTC;0;990,9;990,9;990,7;;21;;21,4;21;;;;;;206;2,4;,5;
2023/06/13;0800 UTC;0;991,2;991,2;990,9;;21;;21,3;20,8;;;;;;251;1,9;,8;
2023/06/13;0900 UTC;0;991,5;991,5;991,2;;21,4;;21,5;21;;;;;;203;2,2;,7;
2023/06/13;1000 UTC;,6;992,2;992,2;991,4;88,2;21,9;;22;21,3;;;;;;185;4,4;1;
2023/06/13;1100 UTC;0;992,9;992,9;992,2;458,6;22,7;;22,7;21,9;;;;;;217;3,3;1,1;
2023/06/13;1200 UTC;0;993,1;993,2;992,9;999,8;24,3;;24,4;22,6;;;;;;52;2,2;,9;
2023/06/13;1300 UTC;0;993,1;993,2;993,1;740;24,8;;24,8;24;;;;;;98;2,8;1,4;
2023/06/13;1400 UTC;0;992,6;993,1;992,6;1598;26,2;;26,4;24,7;;;;;;119;5,9;3,1;
2023/06/13;1500 UTC;0;991,7;992,6;991,7;1543,4;27,2;26,7;27,3;25,6;;;;;97;138;5,9;2,3;
2023/06/13;1600 UTC;0;990,8;991,7;990,8;1624,9;27,6;26,1;28;26,3;27,1;25,6;97;91;91;134;5,3;2,5;
2023/06/13;1700 UTC;0;990,1;990,8;990,1;1148,6;26,4;24;28,1;26,3;26,5;23,9;91;86;87;136;7,4;3,3;
2023/06/13;1800 UTC;0;989,6;990,1;989,6;1664,3;26,8;23,4;28,4;26,4;25,4;23,4;88;82;82;148;7,6;3,9;
2023/06/13;1900 UTC;0;990;990;989,6;479,4;24,9;22,1;27;24,7;23,8;21,6;84;81;84;115;8,3;3,2;
2023/06/13;2000 UTC;0;990,4;990,4;989,9;216;24,6;22;25;24,6;22,2;21,9;85;84;85;100;7,1;2,6;
2023/06/13;2100 UTC;0;990,7;990,7;990,3;8,2;24;21,7;24,6;23,8;22;21,4;87;85;87;107;6,1;1,4;
2023/06/13;2200 UTC;0;991,1;991,1;990,7;;23,8;21,9;24,1;23,8;21,9;21,7;89;87;89;129;4,3;1,6;
2023/06/13;2300 UTC;0;991,6;991,6;991,1;;23,7;22,1;23,9;23,7;22,2;21,9;91;89;91;138;4;1,9;
2023/06/14;0000 UTC;0;991,9;991,9;991,6;;23,4;22,1;23,7;23,3;22,2;22;92;91;92;136;3,7;1,7;
2023/06/14;0100 UTC;0;991,8;992;991,8;;23,2;22,1;23,4;23,2;22,1;22,1;94;92;94;137;3,5;1,7;
2023/06/14;0200 UTC;0;991,6;991,8;991,6;;22,8;22;23,2;22,7;22,2;21,9;95;94;95;146;3,5;1,8;
2023/06/14;0300 UTC;0;991,2;991,6;991,2;;22;21,6;22,8;22;22;21,6;97;95;97;134;3,8;1,3;
2023/06/14;0400 UTC;0;990,6;991,2;990,6;;21,7;21,7;22;21,7;21,7;21,5;100;97;100;150;3,7;1,4;
2023/06/14;0500 UTC;0;990;990,6;990;;20,9;20,9;21,7;20,9;21,7;20,9;100;100;100;145;2,9;,6;
2023/06/14;0600 UTC;0;989,5;990;989,5;;20;;20,9;19,8;;;;;;198;1,3;,7;
2023/06/14;0700 UTC;0;989,6;989,6;989,3;;20;;20,1;19,9;;;;;;358;1,3;,4;
2023/06/14;0800 UTC;0;990;990;989,6;;20,3;;20,3;19,4;;;;;;228;2,5;1,3;
2023/06/14;0900 UTC;0;990,4;990,4;990;;20,6;;20,6;20,3;;;;;;216;3;1,9;
2023/06/14;1000 UTC;0;990,9;990,9;990,4;110,7;20,8;;20,8;20,5;;;;;;206;4,8;1,8;
2023/06/14;1100 UTC;0;991,9;991,9;990,9;455,3;21,7;;21,7;20,8;;;;;;175;4,4;1,9;
2023/06/14;1200 UTC;0;992,2;992,2;991,9;1040,5;23,3;;23,4;21,7;;;;;;182;5;2,8;
2023/06/14;1300 UTC;0;992,3;992,3;992,2;1229,6;24;;24,1;23,3;;;;;;158;6,5;2,8;
2023/06/14;1400 UTC;0;991,8;992,3;991,8;1644,8;25,4;;25,5;24;;;;;;145;6,2;3,1;
2023/06/14;1500 UTC;0;990,8;991,8;990,8;1461,1;26,5;26,5;26,6;24,7;;;;;100;166;6,2;2,6;
2023/06/14;1600 UTC;0;990;990,8;990;1135,7;24;23,2;26,6;24;26,6;23,2;100;94;95;199;7,1;3,6;
2023/06/14;1700 UTC;1,6;989,2;990;989,2;1063,5;23,7;23,1;25,5;23,4;24,8;22,3;97;93;96;245;7,4;1,4;
2023/06/14;1800 UTC;,2;989;989,3;989;606,7;23,9;23,6;24,3;23,5;24,2;23;100;96;99;127;5,4;2,7;
2023/06/14;1900 UTC;,6;989;989,1;988,9;388,5;23,5;;24,2;23;24,2;23;100;99;;132;6,2;1,6;
2023/06/14;2000 UTC;,6;989,2;989,3;989;151,5;22,5;;23,5;22,4;;;;;;99;6,7;2,9;
2023/06/14;2100 UTC;0;989,7;989,7;989,2;12,1;21,9;;22,5;21,9;;;;;;111;7,1;2,1;
2023/06/14;2200 UTC;0;990,3;990,3;989,7;;21,7;;22;21,7;;;;;;82;4;1,1;
2023/06/14;2300 UTC;0;990,8;990,8;990,3;;21,8;;21,9;21,7;;;;;;93;2,4;1,4;
2023/06/15;0000 UTC;0;991,5;991,5;990,8;;21,9;;21,9;21,8;;;;;;120;2,8;1,3;
2023/06/15;0100 UTC;0;991,8;991,8;991,4;;21,7;;22;21,7;;;;;;144;2,9;1,4;
2023/06/15;0200 UTC;0;991,8;992;991,8;;21,8;;21,9;21,7;;;;;;105;2,6;,8;
2023/06/15;0300 UTC;0;991,6;991,8;991,6;;21,9;;21,9;21,6;;;;;;200;2,5;1,1;
2023/06/15;0400 UTC;0;991;991,6;991;;21,6;;21,9;21,4;;;;;;235;1,9;,6;
2023/06/15;0500 UTC;0;990,6;991;990,6;;21,3;;21,6;21,3;;;;;;208;1,6;,9;
2023/06/15;0600 UTC;0;990,3;990,6;990,3;;21,4;;21,4;20,6;;;;;;187;2,1;1,1;
2023/06/15;0700 UTC;0;990,2;990,3;990;;21,6;;21,6;21,4;;;;;;177;3,6;1,5;
2023/06/15;0800 UTC;0;990,5;990,5;990,2;;21,2;;21,6;21,2;;;;;;171;3,3;,9;
2023/06/15;0900 UTC;0;990,9;990,9;990,5;;21;;21,2;21;;;;;;182;3,7;1,5;
2023/06/15;1000 UTC;0;991,5;991,5;990,9;130,6;21,4;;21,4;21;;;;;;191;4;1,8;
2023/06/15;1100 UTC;0;992,4;992,4;991,5;570,7;22;;22,2;21,3;;;;;;179;3,5;1,4;
2023/06/15;1200 UTC;0;992,9;992,9;992,4;968,9;23,7;;23,7;22;;;;;;155;3;1,5;
2023/06/15;1300 UTC;0;992,6;992,9;992,6;1625,8;24,5;;25,1;23,7;;;;;;189;5,3;1,8;
2023/06/15;1400 UTC;0;992;992,6;992;1368,8;25,4;;25,5;24,1;;;;;;128;4,7;2,1;
2023/06/15;1500 UTC;0;991,2;992;991,2;2289,3;26,3;;27,4;25,3;;;;;;145;5,3;2,3;
2023/06/15;1600 UTC;0;990,1;991,2;990,1;2423,4;27,4;27,2;28;26,1;;;;;99;96;7,7;2,2;
2023/06/15;1700 UTC;,2;988,9;990,1;988,9;2486,6;28,2;26,5;28,6;27,3;27,9;26,2;100;90;90;130;5,8;2,8;
2023/06/15;1800 UTC;0;988,4;988,9;988,4;1739,2;28,1;25,6;28,7;27,7;26,9;25,1;91;86;86;136;5,8;2,5;
2023/06/15;1900 UTC;0;988,3;988,4;988,3;890,2;26,8;24;28,2;26,4;25,7;23,6;86;84;84;130;7,1;3,1;
2023/06/15;2000 UTC;0;989;989;988,3;374,7;25,9;22,9;26,8;25,8;24;22,8;84;83;84;141;6,7;2,8;
2023/06/15;2100 UTC;0;989,4;989,4;989;17;24,7;22;25,9;24,7;22,8;22;85;84;85;133;6,3;2,7;
2023/06/15;2200 UTC;0;989,9;989,9;989,4;;24;21,9;24,7;24;22;21,8;88;85;88;138;6,1;3,1;
2023/06/15;2300 UTC;0;990,5;990,5;989,9;;23,3;21,6;24;23,3;21,8;21,6;90;88;90;125;6,1;2,1;
2023/06/16;0000 UTC;0;991,2;991,2;990,5;;22,8;21,6;23,3;22,8;21,7;21,5;93;90;93;132;4,3;1,1;
2023/06/16;0100 UTC;0;991,7;991,7;991,2;;22,6;22,1;22,8;22,5;22,1;21,6;97;93;97;137;2,8;1,5;
2023/06/16;0200 UTC;0;991,8;991,8;991,7;;22,5;22,5;22,7;22,4;22,5;22,1;100;97;100;145;3,6;1,3;
2023/06/16;0300 UTC;0;991,8;991,8;991,7;;22;22;22,5;22;22,5;22;100;100;100;150;2,9;1,2;
2023/06/16;0400 UTC;0;991,4;991,8;991,4;;21,6;;22,1;21,6;;;;;;137;2,8;,5;
2023/06/16;0500 UTC;0;990,9;991,4;990,9;;21,8;;21,9;21,2;;;;;;166;2,2;1;
2023/06/16;0600 UTC;0;990,5;990,9;990,5;;20,7;;21,8;20,7;;;;;;85;2,2;,3;
2023/06/16;0700 UTC;0;990,4;990,5;990,4;;20,5;;20,9;20,4;;;;;;223;2;,7;
2023/06/16;0800 UTC;0;990,8;990,8;990,4;;21,1;;21,2;20,3;;;;;;199;2,4;1,2;
2023/06/16;0900 UTC;0;991,1;991,1;990,8;,5;21,2;;21,2;21,1;;;;;;184;3,3;1,8;
2023/06/16;1000 UTC;0;991,9;992;991,1;98,6;21,4;;21,5;21,2;;;;;;180;3,5;1,9;
2023/06/16;1100 UTC;0;992,5;992,5;991,9;723,5;22,8;;23;21,4;;;;;;181;4,4;1,7;
2023/06/16;1200 UTC;0;992,9;992,9;992,5;818,8;23,6;;23,7;22,8;;;;;;147;4;2;
2023/06/16;1300 UTC;0;992,7;992,9;992,7;1972,4;25,6;;25,6;23,5;;;;;;167;6,3;3,4;
2023/06/16;1400 UTC;0;992;992,7;992;2410,1;26,9;;27,5;25,5;;;;;;152;6,3;2,4;
2023/06/16;1500 UTC;0;991,1;992;991,1;2720,5;28,1;26,5;28,6;26,6;27,5;26,5;100;91;91;144;6,6;3,2;
2023/06/16;1600 UTC;0;990;991,1;990;2094,8;28,4;25,6;29;27,2;26,8;24,9;91;85;85;147;6,5;3,1;
2023/06/16;1700 UTC;0;989,3;990;989,3;2342,8;29;24,9;29;27,6;25,9;24,5;85;79;79;138;7,2;3,3;
2023/06/16;1800 UTC;0;988,9;989,3;988,9;1660,2;28,2;23,4;29;27,1;24,8;22,1;79;74;75;137;7,8;3,1;
2023/06/16;1900 UTC;0;989;989;988,9;1158,2;27,3;21,7;28,3;27,2;23,3;21,5;75;71;71;131;7,1;3,3;
2023/06/16;2000 UTC;0;989,6;989,6;989;456,4;26;19,8;27,3;26;21,5;19,8;71;69;69;142;7,1;3,2;
2023/06/16;2100 UTC;0;990,1;990,1;989,6;26;24,7;19;26;24,6;19,8;19;71;69;71;143;7,7;3,4;
2023/06/16;2200 UTC;0;990,5;990,5;990,1;;23,7;18,8;24,6;23,7;19,2;18,8;74;71;74;122;7,3;3,1;
2023/06/16;2300 UTC;0;991;991;990,5;;23,4;19,4;23,7;23,4;19,4;18,8;78;74;78;139;6,2;2,4;
2023/06/17;0000 UTC;0;991,3;991,3;991;;23;19,7;23,4;23;19,7;19,4;82;78;82;131;4,9;1,9;
2023/06/17;0100 UTC;0;991,6;991,7;991,3;;22,5;19,9;23;22,5;19,9;19,7;85;82;85;139;4;1,2;
2023/06/17;0200 UTC;0;991,3;991,6;991,3;;22,5;20,3;22,5;22,4;20,4;19,9;88;85;88;125;2,5;1,1;
2023/06/17;0300 UTC;0;991;991,3;991;;22,2;20,5;22,5;22,1;20,5;20,3;90;88;90;151;2,7;1,2;
2023/06/17;0400 UTC;0;990,6;991;990,6;;21,2;20,1;22,2;21,1;20,7;19,9;93;90;93;296;2,7;,3;
2023/06/17;0500 UTC;0;990,2;990,6;990,2;;21,8;21,3;22,2;21,2;21,4;20,2;97;93;97;231;2,2;,9;
2023/06/17;0600 UTC;0;989,9;990,2;989,9;;22;22;22;21,7;22;21,3;100;97;100;172;2,4;1;
2023/06/17;0700 UTC;0;990,1;990,1;989,9;;22;;22;21,9;;;;;;179;2,9;1,3;
2023/06/17;0800 UTC;0;990,3;990,3;990,1;;21,7;;22,1;21,7;;;;;;175;3,6;1,7;
2023/06/17;0900 UTC;0;990,9;990,9;990,3;;21,6;;21,8;21,6;;;;;;187;3,5;1,9;
2023/06/17;1000 UTC;0;991,4;991,4;990,9;162,9;21,9;;22,1;21,6;;;;;;179;4,1;2,6;
2023/06/17;1100 UTC;0;992,4;992,4;991,4;267,6;22,3;;22,4;21,9;;;;;;160;4,1;1,5;
2023/06/17;1200 UTC;,4;992,7;992,7;992,4;864,9;22,9;;23;22;;;;;;166;4,7;1,7;
2023/06/17;1300 UTC;0;992,8;992,8;992,7;1632,4;24,6;;24,8;22,9;;;;;;119;5,6;2,7;
2023/06/17;1400 UTC;0;992,3;992,8;992,3;2140,8;25,7;25,7;27;24,6;;;;;100;174;6,7;2,5;
2023/06/17;1500 UTC;0;991,3;992,3;991,3;1448,4;26,5;25,5;27,1;25;26,5;24,7;100;94;94;149;6,8;3;
2023/06/17;1600 UTC;0;990,5;991,3;990,5;2184,6;26,2;24,1;27,8;26;26,7;23,8;94;87;88;144;6,8;4,1;
2023/06/17;1700 UTC;0;989,8;990,5;989,8;1461,2;26,8;23,9;27,3;26,1;25,4;23,7;89;84;84;143;6,8;3,1;
2023/06/17;1800 UTC;0;989,6;989,8;989,5;1155,7;26,2;22,7;27,1;26,1;24;22,6;84;81;81;148;6,4;2,8;
2023/06/17;1900 UTC;0;989,5;989,6;989,4;861,7;25,8;21,9;27,2;25,7;23,7;21,9;82;79;79;133;6,4;3,3;
2023/06/17;2000 UTC;0;989,7;989,7;989,5;479,5;25,5;21,3;26,3;25,5;22,3;21,3;79;78;78;113;6,4;3,1;
2023/06/17;2100 UTC;0;990,3;990,3;989,7;21,8;24,3;20,5;25,5;24,3;21,3;20,4;80;77;80;114;5,2;1,5;
2023/06/17;2200 UTC;0;990,9;990,9;990,3;;24;20,8;24,3;23,9;20,8;20,4;82;80;82;142;3,8;1,5;
2023/06/17;2300 UTC;0;991,7;991,7;990,9;;23,4;20,6;24,1;23,4;20,9;20,6;84;82;84;140;4,8;1,7;
2023/06/18;0000 UTC;0;992;992;991,7;;23;20,8;23,4;23;20,8;20,6;87;84;87;130;5,4;2,3;
2023/06/18;0100 UTC;0;991,8;992;991,8;;22,6;20,8;23;22,6;20,8;20,8;90;87;90;126;4,4;1,7;
2023/06/18;0200 UTC;0;991,4;991,8;991,4;;21,8;20,5;22,6;21,8;20,8;20,5;92;90;92;110;3,4;1,4;
2023/06/18;0300 UTC;0;991,3;991,4;991,3;;21,2;20,3;21,8;21,1;20,7;20,2;95;92;95;88;2,4;,8;
2023/06/18;0400 UTC;0;990,3;991,3;990,3;;20,9;20,5;21,2;20,3;20,7;19,5;98;95;98;137;1,9;,9;
2023/06/18;0500 UTC;0;989,7;990,3;989,7;;19,4;19,4;20,9;19,4;20,2;19,4;100;97;100;84;1,5;,5;
2023/06/18;0600 UTC;0;989,6;989,8;989,4;;19,8;;20,2;19,1;;;100;100;;273;1,9;1,1;
2023/06/18;0700 UTC;0;989,7;989,7;989,5;;20,5;;20,5;19,3;;;;;;226;2,2;1,1;
2023/06/18;0800 UTC;0;989,9;989,9;989,7;;20,5;;20,5;20,4;;;;;;250;2,2;,5;
2023/06/18;0900 UTC;0;990,6;990,6;989,9;;20,9;;20,9;20,5;;;;;;225;2,6;1,6;
2023/06/18;1000 UTC;0;991,2;991,2;990,6;59,3;21,1;;21,2;20,9;;;;;;216;3,3;1,5;
2023/06/18;1100 UTC;0;992;992;991,2;283,7;21,4;;21,6;21,1;;;;;;234;2,8;1,3;
2023/06/18;1200 UTC;0;992,6;992,6;992;653,7;22,2;;22,2;21,3;;;;;;195;3,2;1,8;
2023/06/18;1300 UTC;0;992,5;992,6;992,4;1882,5;24,6;;25,2;22,2;;;;;;154;4,5;2;
2023/06/18;1400 UTC;0;992;992,5;992;2147,8;26,8;;26,9;24,4;;;;;;154;6,1;2,9;
2023/06/18;1500 UTC;0;991,4;992;991,3;2396,5;27,6;26,5;27,8;26,2;27,7;26,2;100;93;94;144;6,5;3,1;
2023/06/18;1600 UTC;0;990,5;991,4;990,4;2685,2;28,6;25,8;28,9;27,3;27,1;25,2;94;85;85;132;8,1;3;
2023/06/18;1700 UTC;0;989,5;990,5;989,5;2192,4;28,5;24,3;29;27,8;26,1;23,9;85;77;78;122;8,1;3;
2023/06/18;1800 UTC;0;989,3;989,5;989,3;1793,3;28,4;23,1;29;27,9;24,4;22,6;78;73;73;132;6,8;2,9;
2023/06/18;1900 UTC;0;989,4;989,4;989,2;1074,2;26,8;21,2;28,4;26,7;23;21,1;73;71;71;139;7,1;3,3;
2023/06/18;2000 UTC;0;990,1;990,1;989,4;444,9;25,6;19,7;27;25,6;21,3;19,6;71;69;70;144;7,6;3;
2023/06/18;2100 UTC;0;990,8;990,8;990,1;27,5;24,2;18,9;25,6;24,1;19,7;18,8;73;70;73;153;6,7;2,5;
2023/06/18;2200 UTC;0;991,5;991,6;990,8;;23,2;18,7;24,2;23,2;18,9;18,6;76;73;76;160;7,1;3,2;
2023/06/18;2300 UTC;0;992,2;992,2;991,5;;22,9;18,9;23,2;22,9;18,9;18,6;78;76;78;155;6,5;2,5;
2023/06/19;0000 UTC;0;992,8;992,8;992,2;;22,8;19,5;22,9;22,7;19,5;18,9;82;78;82;144;7,1;3,1;
2023/06/19;0100 UTC;0;993,1;993,1;992,7;;22,3;19,5;22,8;22,3;19,7;19,4;84;82;84;147;6,7;3;
2023/06/19;0200 UTC;0;992,9;993,1;992,9;;22,1;19,8;22,4;22;19,8;19,5;86;84;86;150;7;2,2;
2023/06/19;0300 UTC;0;992,6;993;992,6;;22;20;22,1;21,9;20;19,7;89;86;89;159;4,9;2,5;
2023/06/19;0400 UTC;0;991,9;992,6;991,9;;21,9;20,4;22;21,8;20,4;20;91;89;91;161;4,9;1,5;
2023/06/19;0500 UTC;0;991,2;991,9;991,2;;21,9;21;22;21,8;21;20,5;95;91;95;189;5,1;2;
2023/06/19;0600 UTC;0;990,7;991,2;990,6;;21,8;21,5;21,9;21,8;21,5;21;98;95;98;204;5,1;2,3;
2023/06/19;0700 UTC;0;990,8;990,8;990,6;;21,5;21,5;21,8;21,5;21,6;21,4;100;98;100;178;5,8;2,8;
2023/06/19;0800 UTC;0;991,3;991,3;990,8;;21,4;;21,5;21,4;;;;;;177;5,9;3;
2023/06/19;0900 UTC;0;991,6;991,6;991,3;,6;21,5;;21,6;21,4;;;;;;182;6,5;3;
2023/06/19;1000 UTC;0;992,2;992,3;991,6;49,9;21,5;;21,6;21,4;;;;;;189;5,8;3,1;
2023/06/19;1100 UTC;0;993;993;992,2;301;22;;22;21,5;;;;;;188;6;2,9;
2023/06/19;1200 UTC;0;993,2;993,2;993;692,1;23,2;;23,2;22;;;;;;193;5,6;2,7;
2023/06/19;1300 UTC;0;993,3;993,3;993,2;1278,6;24,1;;24,7;23,2;;;;;;197;6,1;2,7;
2023/06/19;1400 UTC;0;993,1;993,5;993,1;1156,4;24;;24,9;23,6;;;;;;193;5,9;2,2;
2023/06/19;1500 UTC;,8;992,6;993,1;992,6;1069,8;23,5;;25,1;23;;;;;;161;7,7;1,9;
2023/06/19;1600 UTC;0;991,8;992,6;991,7;1346,3;24,1;;25,7;23,5;;;;;;179;7,4;3,5;
2023/06/19;1700 UTC;,4;991,4;991,8;991,3;1100,2;23,8;;25;23,7;;;;;;145;7;3,7;
2023/06/19;1800 UTC;,8;991,2;991,4;991,2;516,8;23,3;;23,8;22,9;;;;;;155;7,7;2,9;
2023/06/19;1900 UTC;0;991,3;991,3;991,1;439,7;23;;23,4;23;;;;;;156;7,4;3,6;
2023/06/19;2000 UTC;,4;991,7;991,7;991,3;142,2;22,4;;23;22,4;;;;;;147;8,4;3,2;
2023/06/19;2100 UTC;1,6;992,1;992,1;991,7;10,5;21,6;;22,4;21,6;;;;;;161;8,4;2,8;
2023/06/19;2200 UTC;4,4;992,6;992,6;992,1;;21,7;;21,7;21,6;;;;;;168;6,4;2,1;
2023/06/19;2300 UTC;3,6;993,4;993,4;992,6;;21;;21,7;21;;;;;;154;9,5;4,2;
2023/06/20;0000 UTC;,8;994;994;993,4;;20,7;;21;20,5;;;;;;140;8,2;2,8;
2023/06/20;0100 UTC;,4;994,1;994,2;994;;20,9;;20,9;20,7;;;;;;151;6,8;1,4;
2023/06/20;0200 UTC;3,8;994,2;994,4;994,1;;20,8;;20,9;20,8;;;;;;158;4,2;1,8;
2023/06/20;0300 UTC;,2;993,8;994,2;993,8;,4;21;;21,1;20,8;;;;;;174;7,6;2,3;
2023/06/20;0400 UTC;,6;993,6;993,8;993,5;;20,7;;21;20,7;;;;;;183;5,4;3,1;
2023/06/20;0500 UTC;0;992,9;993,6;992,8;;20,6;;20,8;20,6;;;;;;157;6,9;2,6;
2023/06/20;0600 UTC;,8;992,4;992,9;992,3;;20,6;;20,6;20,5;;;;;;182;5,5;2,2;
2023/06/20;0700 UTC;0;992,4;992,4;992,3;;20,8;;20,8;20,6;;;;;;178;5,8;2,6;
2023/06/20;0800 UTC;5;992,5;992,6;992,4;;20,5;;20,8;20,4;;;;;;155;6,5;3,2;
2023/06/20;0900 UTC;2;993;993,1;992,5;;20,5;;20,6;20,5;;;;;;142;6,5;2,6;
2023/06/20;1000 UTC;3,8;993,3;993,4;993;38,8;20,4;;20,5;20,2;;;;;;172;6,3;2,1;
2023/06/20;1100 UTC;,2;994,1;994,1;993,4;195,2;20,8;;20,8;20,4;;;;;;186;5,6;2,9;
2023/06/20;1200 UTC;1,4;994,8;994,8;994;370,8;20,8;;21,3;20,8;;;;;;177;6,3;3,4;
2023/06/20;1300 UTC;0;994,7;994,8;994,7;663,8;21,7;;21,7;20,8;;;;;;186;7;3,1;
2023/06/20;1400 UTC;0;994,4;994,7;994,4;869,8;22,3;;22,6;21,6;;;;;;167;9,3;4,2;
2023/06/20;1500 UTC;0;993,7;994,4;993,7;1704,2;24;;24,3;22,3;;;;;;146;8,8;4,1;
2023/06/20;1600 UTC;,4;993,1;993,7;993,1;990,1;22,4;;24,5;22,4;;;;;;173;8,8;4,4;
2023/06/20;1700 UTC;,2;992,2;993,1;992,2;1407,2;23,8;;24;22,3;;;;;;157;8,6;4,5;
2023/06/20;1800 UTC;0;992,1;992,2;992;955,3;22,7;;24,6;22,7;;;;;;162;10,1;4,4;
2023/06/20;1900 UTC;0;991,9;992,2;991,8;532,1;22,3;;22,7;22;;;;;;143;9;2,7;
2023/06/20;2000 UTC;1,2;992,2;992,2;991,8;122,2;21,7;;22,3;21,5;;;;;;131;5,8;2,1;
2023/06/20;2100 UTC;,6;992,3;992,5;992,1;16,2;20,9;;21,8;20,8;;;;;;143;9,4;2,9;
2023/06/20;2200 UTC;0;992,6;992,6;992,3;;21,2;;21,2;21;;;;;;134;6,7;3;
2023/06/20;2300 UTC;0;992,8;992,8;992,5;;21;;21,2;21;;;;;;145;7,1;1,6;
2023/06/21;0000 UTC;0;993,3;993,3;992,8;;21,2;;21,2;21;;;;;;156;5,1;2,1;
2023/06/21;0100 UTC;,6;993,6;993,6;993,3;;21,1;;21,2;21,1;;;;;;134;4,8;2,1;
2023/06/21;0200 UTC;,4;993,5;993,7;993,5;;21,1;;21,1;21;;;;;;192;4,8;,5;
2023/06/21;0300 UTC;,2;993,4;993,6;993,4;;21,1;;21,2;21,1;;;;;;145;4,1;1,9;
2023/06/21;0400 UTC;1,2;993;993,4;993;;20,9;;21,1;20,8;;;;;;152;4,8;2,3;
2023/06/21;0500 UTC;,6;992,6;993;992,6;;20,6;;21;20,6;;;;;;155;8;2,6;
2023/06/21;0600 UTC;0;991,8;992,6;991,8;;20,5;;20,6;20,4;;;;;;178;6,3;2,5;
2023/06/21;0700 UTC;0;991,6;991,8;991,6;;20,2;;20,5;20,2;;;;;;185;5,5;3,3;
2023/06/21;0800 UTC;,4;991,8;991,9;991,6;;20,1;;20,2;20;;;;;;187;6;2,5;
2023/06/21;0900 UTC;,4;992,2;992,2;991,8;;19,9;;20,1;19,9;;;;;;177;5,2;2,2;
2023/06/21;1000 UTC;1;992,9;992,9;992,2;35,4;19,7;;19,9;19,6;;;;;;180;7,8;3,6;
2023/06/21;1100 UTC;1;993,6;993,6;992,9;232,7;19,8;;19,9;19,5;;;;;;189;7,8;2,9;
2023/06/21;1200 UTC;,8;994,3;994,3;993,6;385,2;19,9;;20;19,7;;;;;;165;6,3;3,1;
2023/06/21;1300 UTC;0;994,4;994,4;994,3;745,6;20,6;;20,9;19,9;;;;;;153;8,3;4;
2023/06/21;1400 UTC;0;993,9;994,4;993,9;942,8;21,2;;21,5;20,6;;;;;;147;8,3;2,9;
2023/06/21;1500 UTC;,2;993,3;993,9;993,3;576,3;21,6;;22;21,2;;;;;;141;6,3;1,4;
2023/06/21;1600 UTC;0;992,3;993,3;992,3;1080,3;22,5;;22,7;21,6;;;;;;175;5,7;3,2;
2023/06/21;1700 UTC;,2;992,1;992,3;992;507,8;21,5;;22,7;21,4;;;;;;161;7;3,4;
2023/06/21;1800 UTC;1,4;992,1;992,1;991,9;378,5;21,1;;21,7;21;;;;;;116;7;2,2;
2023/06/21;1900 UTC;,8;992;992,1;991,9;323,2;20,5;;21,3;20,5;;;;;;148;10,2;4,7;
2023/06/21;2000 UTC;,2;991,9;992,2;991,8;143;20,5;;20,5;20,2;;;;;;132;10,2;1,5;
2023/06/21;2100 UTC;0;992,3;992,4;991,9;15,2;20,7;;20,7;20,5;;;;;;151;6,2;2,5;
2023/06/21;2200 UTC;0;992,5;992,6;992,2;0;20,5;;20,7;20,5;;;;;;152;6,2;1,8;
2023/06/21;2300 UTC;0;993;993;992,5;;20,5;;20,6;20,5;;;;;;169;4;1,7;
2023/06/22;0000 UTC;0;993,5;993,5;993;;20,5;;20,6;20,5;;;;;;165;4,3;1,6;
2023/06/22;0100 UTC;0;993,8;993,8;993,5;;20,4;;20,5;20,4;;;;;;183;3,3;1,8;
2023/06/22;0200 UTC;0;993,8;993,9;993,7;;20,4;;20,4;20,2;;;;;;176;5,2;3,2;
2023/06/22;0300 UTC;0;993,7;993,8;993,7;;20,2;;20,4;20,2;;;;;;181;5,2;2,2;
2023/06/22;0400 UTC;0;993,5;993,7;993,5;;19,9;;20,2;19,8;;;;;;185;5;2,5;
2023/06/22;0500 UTC;0;993,2;993,5;993,2;;19,8;;19,9;19,8;;;;;;165;5;2,2;
2023/06/22;0600 UTC;0;992,6;993,2;992,5;;19,4;;19,8;19,4;;;;;;189;5,2;2;
2023/06/22;0700 UTC;0;992,3;992,6;992,3;;19,4;;19,4;19,3;;;;;;181;4,3;,8;
2023/06/22;0800 UTC;0;992,3;992,4;992,2;;19,3;;19,5;19,3;;;;;;184;2,5;,5;
2023/06/22;0900 UTC;0;992,6;992,6;992,3;;19,6;;19,7;19,3;;;;;;149;4,3;1,6;
2023/06/22;1000 UTC;0;993,2;993,2;992,6;93,2;19,7;;19,7;19,6;;;;;;172;4,1;1,6;
2023/06/22;1100 UTC;0;993,9;993,9;993,2;705,8;21,2;;21,2;19,7;;;;;;177;6,4;2,2;
2023/06/22;1200 UTC;0;994,5;994,6;993,9;602,8;21;;21,3;20,8;;;;;;172;7,1;2,8;
2023/06/22;1300 UTC;0;994,5;994,7;994,5;1101,2;22,8;;22,8;21;;;;;;173;5,6;2,7;
2023/06/22;1400 UTC;0;994;994,5;994;1020;22,6;;23;22,2;;;;;;169;7,5;3,2;
2023/06/22;1500 UTC;0;993,3;994;993,2;1461;24,2;;24,8;22,6;;;;;;152;7,1;2,7;
2023/06/22;1600 UTC;0;992,4;993,3;992,3;1511,9;24,8;;25,4;24;;;;;;143;8,5;3,7;
2023/06/22;1700 UTC;0;991,5;992,4;991,4;1600,2;24,9;24,8;25,5;24,2;;;;;100;134;9;4,7;
2023/06/22;1800 UTC;0;991,1;991,5;991,1;1529,8;24,4;23,2;25,1;24,2;24,8;23,2;100;93;93;138;9,2;3,9;
2023/06/22;1900 UTC;0;991,2;991,2;991;876,6;24,5;22,7;24,6;24,1;23,1;22,3;93;90;90;156;8,5;4,6;
2023/06/22;2000 UTC;0;991,4;991,5;991,2;471,2;23,3;21;24,5;23,3;22,6;21;90;87;87;138;8,3;3,3;
2023/06/22;2100 UTC;0;991,6;991,6;991,4;24;22,1;19,8;23,3;22;21;19,7;87;86;87;140;7,1;2,7;
2023/06/22;2200 UTC;0;992,1;992,1;991,6;;21,6;19,6;22,1;21,5;19,8;19,4;88;87;88;152;5,5;1,8;
2023/06/22;2300 UTC;0;992,7;992,8;992,1;;20,9;18,9;21,6;20,9;19,6;18,9;88;88;88;131;4,6;1,3;
2023/06/23;0000 UTC;0;993,1;993,1;992,7;;20,9;19,3;20,9;20,4;19,3;18,6;90;88;90;156;2,6;1,3;
2023/06/23;0100 UTC;0;993,2;993,3;993,1;;21;19,6;21,1;20,9;19,6;19,3;92;90;92;159;3,7;1,4;
2023/06/23;0200 UTC;0;993,2;993,2;993,1;;20,2;19;21,1;20,2;19,7;19;93;92;93;164;4;1,1;
2023/06/23;0300 UTC;0;992,8;993,2;992,7;;18,7;17,8;20,2;18,7;19;17,8;94;93;94;183;2,2;,8;
2023/06/23;0400 UTC;0;992,3;992,8;992,3;;18,4;18;18,8;18,3;18,3;17,6;97;94;97;222;2,1;,5;
2023/06/23;0500 UTC;0;991,8;992,3;991,8;;17,8;17,8;18,4;17,7;18,1;17,8;100;97;100;223;1,7;,9;
2023/06/23;0600 UTC;0;991,3;991,8;991,3;;18,4;;18,5;17,7;;;;;;216;2,2;,6;
2023/06/23;0700 UTC;0;991,4;991,6;991,3;;18,6;;18,7;18,1;;;;;;213;2,9;1,2;
2023/06/23;0800 UTC;0;991,5;991,6;991,4;;18,4;;18,6;18,4;;;;;;231;2,9;,9;
2023/06/23;0900 UTC;0;991,8;991,8;991,5;;18,4;;18,4;18,3;;;;;;210;2,4;,8;
2023/06/23;1000 UTC;0;992,4;992,4;991,9;85,7;19;;19,1;18,4;;;;;;194;3,7;1,5;
2023/06/23;1100 UTC;0;993;993;992,4;497,7;19,9;;20,1;19;;;;;;193;5,9;2,8;
2023/06/23;1200 UTC;0;993,4;993,4;993;1081,7;21,7;;21,7;19,9;;;;;;188;6,3;2,2;
2023/06/23;1300 UTC;0;993,2;993,4;993,2;1776,1;23,4;;23,4;21,6;;;;;;125;5,2;2,2;
2023/06/23;1400 UTC;,4;993,2;993,3;993,1;1282,7;22,6;;24;22,3;;;;;;128;5,5;1,6;
2023/06/23;1500 UTC;0;992,3;993,2;992,3;1152,1;23,9;;24,1;22,5;;;;;;149;6,9;3;
2023/06/23;1600 UTC;0;991,2;992,3;991,2;1815,8;25,7;25,4;25,9;23,9;;;;;98;150;6,9;3,1;
2023/06/23;1700 UTC;0;990,2;991,2;990,2;1286,8;25,6;23,7;25,8;25,2;25,4;23,7;98;89;89;132;6,7;3,2;
2023/06/23;1800 UTC;0;989,8;990,2;989,7;1317,1;26,4;23,5;26,5;25,3;24;22,9;89;84;84;131;6,7;3,8;
2023/06/23;1900 UTC;0;989,8;989,8;989,7;933,1;25,8;22;26,8;25,3;23,6;21,8;84;80;80;137;7,5;3,4;
2023/06/23;2000 UTC;0;990,6;990,6;989,8;563,7;24,9;20,5;25,9;24,9;22,1;20,5;80;77;77;142;6,8;3,3;
2023/06/23;2100 UTC;0;990,8;990,9;990,5;27,2;23,4;18,9;24,9;23,4;20,5;18,9;77;76;76;154;6,2;2,2;
2023/06/23;2200 UTC;0;991,1;991,1;990,7;;22,4;18,4;23,4;22,4;18,8;18,2;78;76;78;139;5;2;
2023/06/23;2300 UTC;0;991,5;991,6;991,1;;22,3;18,9;22,4;22,2;18,9;18,4;81;78;81;128;5;2,5;
2023/06/24;0000 UTC;0;992;992;991,5;;21,4;18,4;22,3;21,4;18,9;18,4;83;81;83;117;4,4;1,8;
2023/06/24;0100 UTC;0;992,3;992,3;992;;20,3;17,8;21,4;20,3;18,4;17,8;86;83;86;163;3,1;,8;
2023/06/24;0200 UTC;0;992,2;992,4;992,2;;20,6;18,7;20,6;20;18,7;17,6;89;86;89;152;3,7;1,5;
2023/06/24;0300 UTC;0;992;992,2;992;;18,7;17;20,6;18,7;18,6;17;90;88;90;194;2,9;,7;
2023/06/24;0400 UTC;0;991,8;992,1;991,8;;18,3;17,1;18,7;18,2;17,3;16,9;93;90;93;176;1,5;,9;
2023/06/24;0500 UTC;0;991;991,8;991;;17,6;16,9;18,3;17,6;17,2;16,9;96;93;95;36;1,3;,3;
2023/06/24;0600 UTC;0;990,7;991;990,7;;17,4;17,2;17,7;17,3;17,2;16,8;99;95;99;307;,5;,4;
2023/06/24;0700 UTC;0;990,7;990,8;990,6;;19,5;;19,5;17,4;18,4;17,2;100;99;;177;2,3;1,3;
2023/06/24;0800 UTC;0;991,1;991,1;990,7;;19,3;;19,6;19,3;;;;;;94;2,8;,5;
2023/06/24;0900 UTC;0;991,6;991,6;991,1;;19,4;;19,6;19,3;;;;;;163;2,5;,4;
2023/06/24;1000 UTC;0;992;992,1;991,6;65,4;19,9;;19,9;19,4;;;;;;222;2,4;1,4;
2023/06/24;1100 UTC;0;992,5;992,5;991,9;458,5;20,7;;20,7;19,9;;;;;;205;2,6;1,7;
2023/06/24;1200 UTC;0;993,2;993,2;992,5;1172,5;21,8;;21,9;20,7;;;;;;195;4,3;1,9;
2023/06/24;1300 UTC;0;993,1;993,3;993,1;2157,1;24,3;;24,8;21,8;;;;;;143;6,5;2;
2023/06/24;1400 UTC;0;992,5;993,1;992,5;2350,3;26,3;;26,3;24,3;;;;;;102;6,5;2,9;
2023/06/24;1500 UTC;0;992;992,5;992;2618,6;27,6;26;27,8;25,4;26,9;25,4;100;91;91;107;6,5;2,7;
2023/06/24;1600 UTC;,2;991,1;992;991,1;2685,1;27,6;24,5;28,3;27,1;26,5;24,3;91;83;83;138;7,4;3;
2023/06/24;1700 UTC;0;990,5;991,1;990,5;2076,7;27,4;23,3;28;26,7;24,7;22,9;84;78;78;129;7,8;3,5;
2023/06/24;1800 UTC;0;990,3;990,5;990,3;1501,3;27,7;22,7;28,3;26,6;23,9;22;78;74;74;135;8,4;2,9;
2023/06/24;1900 UTC;0;990,2;990,3;990,1;839,3;26,8;21,3;28,1;26,4;23,1;21,2;74;72;72;119;7,1;3,2;
2023/06/24;2000 UTC;0;990,8;990,8;990,2;492,8;25,4;20,2;26,8;25,4;21,4;20,2;73;72;73;141;6,4;2,8;
2023/06/24;2100 UTC;0;990,9;991;990,8;32,3;23,9;19,3;25,4;23,9;20,2;19,3;76;73;76;145;6,2;2,6;
2023/06/24;2200 UTC;0;991,5;991,5;990,9;;23,1;19,4;23,9;23,1;19,4;19,3;80;76;80;125;7;2,9;
2023/06/24;2300 UTC;0;992,2;992,3;991,5;;22,4;19,2;23,1;22,4;19,5;19,2;82;80;82;130;6,2;2,2;
2023/06/25;0000 UTC;0;992,6;992,6;992,2;;21,9;19,2;22,4;21,8;19,2;19,1;85;82;85;142;4,3;1,7;
2023/06/25;0100 UTC;0;992,6;992,7;992,6;;22;19,7;22,1;21,9;19,8;19,2;87;85;87;129;4,3;1,8;
2023/06/25;0200 UTC;0;992,4;992,7;992,4;;21,4;19,5;22;21,4;19,8;19,5;89;87;89;122;3,5;1,5;
2023/06/25;0300 UTC;0;992,4;992,5;992,4;;20,9;19,5;21,4;20,9;19,5;19,4;91;89;91;125;2,9;1;
2023/06/25;0400 UTC;0;991,9;992,4;991,9;;20;18,9;20,9;20;19,5;18,8;93;91;93;129;1,7;,8;
2023/06/25;0500 UTC;0;991,7;992;991,7;;19,1;18,3;20;19,1;18,8;18,3;95;93;95;167;1,3;,5;
2023/06/25;0600 UTC;0;991,3;991,7;991,2;;19,2;18,9;19,4;19;19;18,2;98;95;98;159;1,6;,4;
2023/06/25;0700 UTC;0;991,5;991,5;991,2;;19,2;19,2;19,5;19,1;19,4;19;100;98;100;294;1,8;,5;
2023/06/25;0800 UTC;0;991,5;991,5;991,4;;20,5;;20,5;19,2;;;;;;145;1,8;,9;
2023/06/25;0900 UTC;0;991,6;991,6;991,4;;20,7;;20,7;20,5;;;;;;132;3,9;1,3;
2023/06/25;1000 UTC;0;992,4;992,4;991,6;131,6;21,3;;21,3;20,3;;;;;;146;3,2;1,8;
2023/06/25;1100 UTC;0;992,9;992,9;992,4;586,7;22,7;;22,7;21,3;;;;;;134;4,9;2,6;
2023/06/25;1200 UTC;0;993,3;993,3;992,9;1531,2;24,4;24,4;24,4;22,7;;;;;100;120;7,5;4,3;
2023/06/25;1300 UTC;0;993,3;993,4;993,2;2227,2;25,9;24,3;26,2;24,4;25,3;24,2;100;91;91;112;7,4;3,5;
2023/06/25;1400 UTC;0;992,9;993,3;992,9;2502,8;27,1;23,6;27,2;25,7;24,9;23,2;92;82;82;122;6,8;3,4;
2023/06/25;1500 UTC;0;992,3;992,9;992,3;2593,2;27,9;22,9;27,9;26,3;23,9;22,3;82;74;74;139;7,1;3;
2023/06/25;1600 UTC;0;991,5;992,3;991,5;2455,3;28;21,5;28,3;27,1;23;21,3;74;68;68;112;6,3;2,6;
2023/06/25;1700 UTC;0;990,8;991,5;990,8;2319,2;27,8;19,9;28,5;27,6;21,4;19,9;68;62;62;126;6,5;2,9;
2023/06/25;1800 UTC;0;990,2;990,8;990,2;1523,4;27,6;18,8;28,2;27;20;18,5;62;58;59;118;6,7;3,2;
2023/06/25;1900 UTC;0;990,2;990,3;990,1;1081,9;26,6;17,5;28,1;26,6;19,2;17,4;59;57;57;146;7,2;3,8;
2023/06/25;2000 UTC;0;990,9;990,9;990,2;372,2;25,2;16,7;26,7;25,2;17,7;16,7;59;57;59;150;7,5;3,3;
2023/06/25;2100 UTC;0;991,1;991,1;990,8;23,8;23,8;16,5;25,2;23,8;16,7;16,4;64;59;64;142;6,9;3,1;
2023/06/25;2200 UTC;0;991,5;991,5;991,1;;23,2;16,8;23,8;23,2;16,9;16,5;67;64;67;147;7;3,1;
2023/06/25;2300 UTC;0;992,2;992,2;991,5;;22,5;17;23,2;22,5;17;16,8;71;67;71;136;6,1;1,9;
2023/06/26;0000 UTC;0;992,2;992,2;992,1;;22,5;17,6;22,8;22,4;17,8;17;74;71;74;144;4;1,6;
2023/06/26;0100 UTC;0;992,5;992,6;992,2;;21,8;17,4;22,5;21,8;17,6;17,4;76;74;76;139;3,9;1,5;
2023/06/26;0200 UTC;0;992,4;992,6;992,4;;21,2;17,4;21,8;21,2;17,5;17,3;79;76;79;135;2,8;1,3;
2023/06/26;0300 UTC;0;992,1;992,4;992,1;;21,1;17,8;21,2;20,9;17,8;17,3;82;79;82;145;2,5;1,4;
2023/06/26;0400 UTC;0;991,5;992,1;991,5;;20,8;18,1;21,1;20,8;18,1;17,9;85;82;85;133;2,9;1,3;
2023/06/26;0500 UTC;0;990,9;991,5;990,9;;20,3;18;20,8;20,1;18,2;17,7;87;85;87;132;2,5;1,1;
2023/06/26;0600 UTC;1;990,5;990,9;990,5;;20,1;18,3;20,4;19,8;18,4;17,7;89;87;89;75;4,4;1,3;
2023/06/26;0700 UTC;0;990,7;990,8;990,4;;19,8;18,5;20,3;19,8;18,8;18,3;92;89;92;46;2,9;,4;
2023/06/26;0800 UTC;0;991;991;990,7;;19,4;18,7;19,8;19,3;18,7;18,4;96;92;96;179;1,6;,6;
2023/06/26;0900 UTC;0;991,4;991,4;991;;18,9;18,7;19,4;18,9;19;18,5;99;96;98;244;1,2;,4;
2023/06/26;1000 UTC;0;991,7;991,7;991,4;92,5;19,6;;19,6;18,8;19,2;18,6;100;98;;274;1,2;,6;
2023/06/26;1100 UTC;0;992,1;992,1;991,7;751,2;22,1;;22,1;19,6;;;;;;168;3,3;1,2;
2023/06/26;1200 UTC;0;992,3;992,3;992;1319,3;23,7;;24;22;;;;;;120;4,9;2,6;
2023/06/26;1300 UTC;0;992,2;992,4;992,2;1245,7;25,3;25,3;25,5;23,5;;;;;100;106;7,5;4,2;
2023/06/26;1400 UTC;,8;992,2;992,3;991,9;1582,1;22,9;22;26,6;22,7;26,6;21,6;100;91;95;128;8;3,7;
2023/06/26;1500 UTC;0;991,5;992,2;991,4;1808,5;25,4;24,8;25,5;22,9;25;22,1;98;95;96;113;8;2,8;
2023/06/26;1600 UTC;0;990,7;991,4;990,6;2277,6;26,1;24;26,8;25,3;25,7;24;96;88;88;124;7;3,9;
2023/06/26;1700 UTC;,4;990,1;990,7;990,1;1132,1;23,8;21,5;26,5;23,3;24,2;20,6;88;83;87;139;10,5;2,1;
2023/06/26;1800 UTC;0;990;990,1;989,9;1498,2;25;22,3;26,7;23,8;24,3;21,6;89;84;85;117;8,6;3,2;
2023/06/26;1900 UTC;0;989,9;990;989,7;804,3;26,2;22,6;26,3;25;23,4;22,2;85;80;80;108;7,6;4;
2023/06/26;2000 UTC;0;990,7;990,7;989,9;334;24,2;20,4;26,3;24,2;22,7;20,4;80;79;79;137;8,9;3,1;
2023/06/26;2100 UTC;0;991;991,1;990,7;32,2;23,3;19,9;24,2;23,3;20,4;19,9;81;79;81;120;6;2,2;
2023/06/26;2200 UTC;0;991,6;991,6;991;;22,4;19,5;23,3;22,4;19,9;19,4;84;81;84;137;4,7;1,9;
2023/06/26;2300 UTC;0;991,9;992;991,6;;21,8;19,4;22,4;21,8;19,5;19,3;86;84;86;132;3,1;1,1;
2023/06/27;0000 UTC;0;992,7;992,7;991,9;;21,6;19,8;21,8;21,6;19,8;19,5;90;86;90;148;3;1,7;
2023/06/27;0100 UTC;0;992,6;992,7;992,6;;21,1;19,8;21,6;21,1;19,9;19,8;92;90;92;155;2,8;1,4;
2023/06/27;0200 UTC;0;992,5;992,7;992,5;;20,9;20;21,1;20,9;20;19,8;95;92;95;157;2,3;1,1;
2023/06/27;0300 UTC;0;992,5;992,6;992,5;;20,1;19,5;20,9;20;20;19,3;97;94;97;148;1,6;,8;
2023/06/27;0400 UTC;0;992;992,5;992;;19,8;19,7;20,1;19,3;19,7;19;100;97;100;127;1,5;1;
2023/06/27;0500 UTC;0;991,7;992;991,7;;19,5;19,5;19,8;18,9;19,7;18,9;100;99;100;193;2,6;,6;
2023/06/27;0600 UTC;0;991,6;991,7;991,4;;18,9;;19,5;18,8;;;;;;303;1,2;,6;
2023/06/27;0700 UTC;0;991,5;991,6;991,5;;19,9;;19,9;18,9;;;;;;171;2;1,2;
2023/06/27;0800 UTC;0;991,7;991,8;991,5;;20,3;;20,3;19,6;;;;;;107;5,7;1,5;
2023/06/27;0900 UTC;0;992;992;991,7;;20;;20,3;20;;;;;;138;3;1,6;
2023/06/27;1000 UTC;0;992,2;992,2;991,9;138,7;20,3;;20,3;19,8;;;;;;130;3,6;2;
2023/06/27;1100 UTC;0;992,9;992,9;992,2;790,7;21,8;;21,9;20,3;;;;;;122;4,2;1,8;
2023/06/27;1200 UTC;0;993,2;993,2;992,9;1608,6;24,4;;24,4;21,8;;;;;;132;5,4;2,2;
2023/06/27;1300 UTC;0;993;993,2;993;2029,7;25,6;25,3;25,7;24,2;;;;;98;116;8,4;3,8;
2023/06/27;1400 UTC;,2;992,6;993;992,6;1675,8;25,4;23,6;26,1;24,8;25,4;23,5;98;90;90;135;7,6;3,4;
2023/06/27;1500 UTC;0;991,9;992,6;991,9;1522,1;25,8;23,2;26,3;25,3;24,7;22,8;91;85;85;148;7,5;3,6;
2023/06/27;1600 UTC;0;991,2;991,9;991,2;1147,7;25,7;22,3;26,1;24,8;23,4;21,5;85;81;82;144;8,6;3,5;
2023/06/27;1700 UTC;0;990,4;991,2;990,4;2139;26,5;21,8;27,4;25,7;23,9;21,8;82;75;75;144;8,2;3,1;
2023/06/27;1800 UTC;0;990;990,4;990;1194,5;26,8;21,3;27,3;26,2;22,4;20,8;76;72;72;145;7,1;3,4;
2023/06/27;1900 UTC;0;990,2;990,2;990;610,9;25,4;19,9;27,1;25,4;21,6;19,8;72;71;71;159;8;4,2;
2023/06/27;2000 UTC;0;990,6;990,6;990,2;208,2;24,6;19;25,4;24,6;19,8;19;71;71;71;150;7,8;3,8;
2023/06/27;2100 UTC;0;990,9;990,9;990,6;18,7;23,8;18,6;24,6;23,8;19;18,6;73;71;73;149;7,9;3,9;
2023/06/27;2200 UTC;0;991,4;991,4;990,9;;23,1;18,4;23,8;23,1;18,6;18,4;75;73;75;147;7,6;2,8;
2023/06/27;2300 UTC;0;991,8;991,8;991,4;;22,7;18,5;23;22,7;18,5;18,4;77;75;77;146;6;2,2;
2023/06/28;0000 UTC;0;992,1;992,1;991,8;;22,4;18,7;22,7;22,4;18,7;18,5;80;77;80;157;4,8;2;
2023/06/28;0100 UTC;0;992,3;992,3;992,1;;21,9;18,4;22,4;21,8;18,8;18,3;81;79;81;158;3,9;1,5;
2023/06/28;0200 UTC;0;992,1;992,3;992,1;;21,8;18,9;21,9;21,8;18,9;18,5;84;81;84;156;3,8;1,3;
2023/06/28;0300 UTC;0;992;992,1;991,9;;21,9;19,4;21,9;21,8;19,4;18,9;86;84;86;145;3,8;,9;
2023/06/28;0400 UTC;0;991,7;992;991,7;;21,2;19;21,9;21,2;19,6;19;87;86;87;221;3;1,3;
2023/06/28;0500 UTC;0;991,3;991,7;991,3;;20,9;19,1;21,2;20,9;19,1;18,9;89;87;89;221;3,4;1,2;
2023/06/28;0600 UTC;0;991;991,3;991;;20,6;19,2;20,9;20,6;19,2;19;92;89;92;215;3,1;1,1;
2023/06/28;0700 UTC;0;991,1;991,1;991;;20,4;19,5;20,6;20,2;19,5;19;95;92;95;206;4,2;2,3;
2023/06/28;0800 UTC;0;991,6;991,6;991,1;;20,4;20,1;20,4;20,4;20,1;19,5;98;95;98;216;4,2;1,9;
2023/06/28;0900 UTC;0;991,8;991,8;991,5;;20,2;20,2;20,5;20,2;20,5;20,1;100;98;100;209;5,3;1,6;
2023/06/28;1000 UTC;0;992;992;991,8;131,2;20,5;;20,6;20,2;;;;;;208;4,5;2;
2023/06/28;1100 UTC;0;992,6;992,6;992;670;21,3;;21,5;20,5;;;;;;186;5,9;3,1;
2023/06/28;1200 UTC;0;993;993;992,6;1112;22,2;;22,6;21,2;;;;;;191;5,8;3,2;
2023/06/28;1300 UTC;0;993,1;993,2;993;1050,3;23,6;23,6;23,7;22,2;;;;;100;165;6,1;3,2;
2023/06/28;1400 UTC;0;992,8;993,1;992,8;1311,6;24,2;24;24,2;22,7;24,2;22,2;100;96;99;168;8,2;2,6;
2023/06/28;1500 UTC;0;992,1;992,8;992,1;1593,9;24,5;23,5;25,3;23,4;24,8;22,6;100;94;94;166;6,6;2,9;
2023/06/28;1600 UTC;0;991,1;992,1;991,1;1724,3;26,1;24,4;26,3;24,5;24,9;23;95;90;90;168;6;2,9;
2023/06/28;1700 UTC;0;990,2;991,1;990,2;2023,1;26,3;23,2;27,6;25,8;25,3;23,1;90;83;83;147;7,2;3;
2023/06/28;1800 UTC;0;989,8;990,2;989,8;1805;26,9;23;27,6;26;24,3;22,7;84;79;79;149;7,2;3,9;
2023/06/28;1900 UTC;0;990,1;990,1;989,8;1008,4;26,2;21,8;27,1;25,5;23,1;21,2;79;77;77;139;7,8;3,2;
2023/06/28;2000 UTC;0;990,5;990,5;990,1;502,9;24,7;20,3;26,3;24,7;21,8;20,3;77;76;76;149;7,3;3,7;
2023/06/28;2100 UTC;0;990,8;990,8;990,5;28,9;23,6;19,5;24,7;23,6;20,2;19,5;78;76;78;144;7,3;2,6;
2023/06/28;2200 UTC;0;991,3;991,3;990,8;;22,8;19,4;23,6;22,8;19,6;19,3;81;78;81;140;6,2;3;
2023/06/28;2300 UTC;0;991,9;991,9;991,3;;22,4;19,7;22,8;22,4;19,7;19,4;85;81;85;147;5,7;2,7;
2023/06/29;0000 UTC;0;992,4;992,4;991,9;;22;20;22,4;22;20,1;19,7;89;85;89;130;5,4;2,2;
2023/06/29;0100 UTC;0;992,4;992,4;992,3;;21,8;20,5;22;21,7;20,5;20;92;89;92;133;3,8;1,9;
2023/06/29;0200 UTC;0;992,4;992,5;992,3;;21,4;20,7;21,8;21,4;20,7;20,5;96;92;96;130;3,6;1;
2023/06/29;0300 UTC;0;992,1;992,5;992,1;;21,4;21,3;21,5;21,3;21,3;20,7;99;96;99;161;2,5;1,1;
2023/06/29;0400 UTC;0;991,7;992,1;991,7;;21;21;21,4;21;21,4;21;100;99;100;154;2,4;,9;
2023/06/29;0500 UTC;0;991,4;991,7;991,4;;21,1;;21,1;20,8;;;;;;177;2,4;1,4;
2023/06/29;0600 UTC;0;991,1;991,4;991;;20,8;;21,1;20,6;;;;;;184;3;1,5;
2023/06/29;0700 UTC;0;991,1;991,1;991;;20,6;;20,8;20,6;;;;;;202;3,3;1,4;
2023/06/29;0800 UTC;0;991,3;991,3;991,1;;20,8;;20,8;20,6;;;;;;199;3,9;1,4;
2023/06/29;0900 UTC;0;991,7;991,7;991,3;;20,8;;20,8;20,7;;;;;;204;3,7;1,6;
2023/06/29;1000 UTC;0;992,4;992,4;991,7;57;20,9;;20,9;20,7;;;;;;197;4,6;1,5;
2023/06/29;1100 UTC;0;993,1;993,1;992,4;253,3;21,5;;21,5;20,9;;;;;;167;3;1;
2023/06/29;1200 UTC;0;993,6;993,6;993,1;1038,4;22,6;;22,9;21,5;;;;;;188;5,2;3;
2023/06/29;1300 UTC;0;993,5;993,8;993,5;1297,7;23;;23,1;22,1;;;;;;194;5,9;2,2;
2023/06/29;1400 UTC;0;993,3;993,5;993,2;1514,4;23;;24,7;22,9;;;;;;150;7,8;3,1;
2023/06/29;1500 UTC;,8;992,7;993,4;992,7;982,2;23,2;;23,4;22,1;;;;;;180;7,8;2,3;
2023/06/29;1600 UTC;,4;992;992,7;992;1194,4;22,4;;24,6;22,3;;;;;;155;9,6;3,9;
2023/06/29;1700 UTC;7,8;991,8;992,1;991,8;481,9;21,7;;22,4;21,5;;;;;;137;7,7;2;
2023/06/29;1800 UTC;1,2;991,3;991,8;991,3;869,1;21,8;;22,2;21,4;;;;;;141;4,9;2,5;
2023/06/29;1900 UTC;0;991,3;991,3;991,2;542,5;21,8;;22,1;21,6;;;;;;127;4,8;2,4;
2023/06/29;2000 UTC;0;991,4;991,4;991,3;245,8;22,4;;22,4;21,8;;;;;;138;3,9;1,3;
2023/06/29;2100 UTC;0;991,7;991,8;991,4;39;22,4;;22,4;22,2;;;;;;166;3,1;1,5;
2023/06/29;2200 UTC;0;992,1;992,1;991,8;;22,4;;22,6;22,4;;;;;;159;3,6;1,7;
2023/06/29;2300 UTC;0;992,5;992,5;992,1;;22,2;;22,5;22,2;;;;;;158;4,7;1,7;
2023/06/30;0000 UTC;0;993;993,1;992,5;;21,8;;22,2;21,8;;;;;;141;4,7;1,3;
2023/06/30;0100 UTC;0;993,3;993,3;993;;21,5;;21,8;21,4;;;;;;146;4,3;1,9;
2023/06/30;0200 UTC;0;993,5;993,5;993,3;;21,3;;21,5;21,2;;;;;;149;4,3;2;
2023/06/30;0300 UTC;0;993,2;993,5;993,2;;21,2;;21,4;21,2;;;;;;150;5,4;2,4;
2023/06/30;0400 UTC;0;992,5;993,2;992,5;;21;;21,3;21;;;;;;162;5,4;2,5;
2023/06/30;0500 UTC;0;992;992,6;992;;20,8;;21;20,7;;;;;;166;5,3;1,3;
2023/06/30;0600 UTC;0;991,7;992;991,7;;20,4;;20,8;20,4;;;;;;162;2,8;1,2;
2023/06/30;0700 UTC;0;991,9;991,9;991,7;;20,2;;20,4;20,1;;;;;;197;3,1;1,3;
2023/06/30;0800 UTC;0;992,3;992,3;991,9;;20,2;;20,3;20,2;;;;;;200;4,5;1,7;
2023/06/30;0900 UTC;0;992,6;992,6;992,3;;20,2;;20,2;20,2;;;;;;205;4,4;2;
2023/06/30;1000 UTC;0;992,9;992,9;992,6;120,1;20,4;;20,4;20,2;;;;;;202;4,8;2,1;
2023/06/30;1100 UTC;0;993,8;993,8;992,9;310;21;;21;20,4;;;;;;181;4,6;2,4;
2023/06/30;1200 UTC;,6;994,3;994,3;993,8;407,4;21,3;;21,3;20,8;;;;;;157;4,6;1,8;
2023/06/30;1300 UTC;0;994,2;994,4;994,2;1504,4;22,9;;23,1;21,2;;;;;;153;5,9;2,9;
2023/06/30;1400 UTC;0;993,9;994,2;993,8;2102,4;24,1;;25,4;22,9;;;;;;150;8,3;4,3;
2023/06/30;1500 UTC;0;993;993,9;993;1971,5;26,3;;26,4;23,6;;;;;;151;8,3;4,3;
2023/06/30;1600 UTC;0;992,1;993;992,1;2581,8;26,5;26,5;27,2;25,7;;;;;100;159;8,9;4,5;
2023/06/30;1700 UTC;0;991,4;992,1;991,4;2159,9;26,5;25;27;26;26,8;25;100;92;92;146;9,2;3,9;
2023/06/30;1800 UTC;0;991,1;991,4;991,1;1622,5;26,2;23,9;26,9;25,7;25,2;23,7;92;87;87;141;8,3;4,2;
2023/06/30;1900 UTC;0;991,2;991,2;991;971,1;24,9;22,1;26,5;24,9;24,1;22,1;87;84;85;152;9;4,7;
2023/06/30;2000 UTC;0;991,6;991,6;991,2;386,6;24,1;21,3;25,3;24,1;22,6;21,2;85;84;85;163;8;4;
2023/06/30;2100 UTC;0;992,1;992,2;991,6;31,2;22,9;20,4;24,1;22,9;21,3;20,4;86;85;86;152;7,3;3,6;
2023/06/30;2200 UTC;0;992,7;992,7;992,1;;22,2;20,2;22,9;22,2;20,4;20,2;89;86;89;157;7,6;3,9;
2023/06/30;2300 UTC;0;992,9;992,9;992,7;;21,8;20,3;22,2;21,8;20,3;20,1;91;89;91;161;7,6;3,2;
2023/07/01;0000 UTC;0;993,3;993,3;992,9;;21,6;20,6;21,8;21,6;20,6;20,3;94;91;94;158;6,4;2,4;
2023/07/01;0100 UTC;0;993,3;993,4;993,3;;21,6;21;21,7;21,5;21,1;20,6;97;94;97;173;4,7;2,6;
2023/07/01;0200 UTC;0;993,2;993,3;993,1;;21,5;21,5;21,8;21,5;21,5;21;100;97;100;152;4,9;1,8;
2023/07/01;0300 UTC;0;993,2;993,3;993,2;;21,2;;21,6;21,2;21,6;21,2;100;100;;203;3,5;1,3;
2023/07/01;0400 UTC;0;992,6;993,2;992,6;;21,2;;21,4;21,2;;;;;;189;5,3;2,3;
2023/07/01;0500 UTC;0;992,1;992,6;992,1;;21;;21,2;20,9;;;;;;178;5;1,9;
2023/07/01;0600 UTC;,6;991,8;992,1;991,7;;20,6;;21;20,6;;;;;;197;6,2;2,9;
2023/07/01;0700 UTC;0;991,7;991,8;991,6;;20,3;;20,6;20,3;;;;;;180;6,2;2,4;
2023/07/01;0800 UTC;0;991,8;991,9;991,7;;20,2;;20,4;20,2;;;;;;187;4,5;2,3;
2023/07/01;0900 UTC;0;992,1;992,1;991,8;;20,2;;20,2;20,1;;;;;;186;5,6;2,7;
2023/07/01;1000 UTC;,2;992,3;992,3;992;159,8;20,5;;20,5;20,1;;;;;;196;6;2,5;
2023/07/01;1100 UTC;0;993,1;993,1;992,3;532,6;21,1;;21,1;20,5;;;;;;183;6,1;3,1;
2023/07/01;1200 UTC;0;993,5;993,5;993,1;1258,9;22,3;;22,4;21;;;;;;188;6,3;3,3;
2023/07/01;1300 UTC;0;993,4;993,5;993,4;1735,5;24,2;;24,2;22;;;;;;177;6,9;3,3;
2023/07/01;1400 UTC;,4;993,2;993,5;993;1550,8;22,5;;24,4;22,5;;;;;;162;8,4;3,4;
2023/07/01;1500 UTC;0;992,2;993,2;992,2;2055,2;25,6;;25,7;22,2;;;;;;164;8,1;3,8;
2023/07/01;1600 UTC;0;991,2;992,2;991,2;2295,1;25,4;24,4;26,4;24,4;26,2;24,4;100;94;94;164;7,7;3,6;
2023/07/01;1700 UTC;0;990,2;991,2;990,2;2025,4;25,6;23,4;26,5;25;25,5;23,3;96;87;87;157;7,3;4,2;
2023/07/01;1800 UTC;0;989,6;990,3;989,6;1607,1;25,9;23;26,5;25;24,5;22,4;89;84;84;148;8,2;4;
2023/07/01;1900 UTC;0;989,5;989,6;989,5;1110,1;25,5;21,8;26,1;24,9;23;21,4;84;80;80;142;7,3;3,3;
2023/07/01;2000 UTC;0;989,7;989,7;989,4;412,2;24;20,2;25,4;24;21,7;20,2;80;79;80;127;7,2;3,5;
2023/07/01;2100 UTC;0;990;990;989,7;39,2;22,7;19,4;24;22,7;20,2;19,3;81;80;81;113;6,6;1,8;
2023/07/01;2200 UTC;0;990,2;990,2;989,9;;21,9;19,1;22,7;21,9;19,4;19,1;84;81;84;122;4,8;2;
2023/07/01;2300 UTC;0;990,7;990,7;990,2;;21,6;19,3;21,9;21,5;19,3;19,1;87;84;87;147;3,9;1,7;
2023/07/02;0000 UTC;0;991,3;991,3;990,7;;21,4;19,7;21,6;21,4;19,7;19,3;90;87;90;137;4,3;2;
2023/07/02;0100 UTC;0;991,5;991,5;991,2;;21,4;20,1;21,5;21,3;20,1;19,8;93;90;93;150;4,1;2;
2023/07/02;0200 UTC;0;991,1;991,5;991;;21,4;20,6;21,5;21,3;20,6;20,1;95;93;95;155;4,5;2,1;
2023/07/02;0300 UTC;0;991;991,1;991;;21,4;21;21,5;21,4;21;20,6;98;95;97;152;4,5;1,7;
2023/07/02;0400 UTC;0;990,5;991;990,5;;21,2;21,1;21,4;21,1;21,2;20,9;100;97;100;144;3,5;1,3;
2023/07/02;0500 UTC;0;989,8;990,5;989,8;;20,8;20,8;21,2;20,8;21,2;20,8;100;100;100;160;3;1,4;
2023/07/02;0600 UTC;0;989,6;989,8;989,6;;20,3;;20,9;20,3;;;;;;218;2,8;,7;
2023/07/02;0700 UTC;0;989,6;989,6;989,5;;20,2;;20,5;20,2;;;;;;246;1,9;,6;
2023/07/02;0800 UTC;,6;990,1;990,1;989,5;;20,5;;20,6;20,1;;;;;;210;3,7;1,8;
2023/07/02;0900 UTC;1,2;990,5;990,5;990;,1;20,4;;20,5;20,3;;;;;;206;3,7;1,7;
2023/07/02;1000 UTC;,2;991,2;991,2;990,5;44,2;20,2;;20,4;20,2;;;;;;241;3,2;1,4;
2023/07/02;1100 UTC;0;992,1;992,1;991,2;458;20,7;;20,9;20,2;;;;;;221;4,3;1,9;
2023/07/02;1200 UTC;0;992,3;992,4;992,1;866,5;21,2;;21,4;20,6;;;;;;208;5,4;3,2;
2023/07/02;1300 UTC;0;992,1;992,4;992,1;1515,2;23,2;;23,2;21,1;;;;;;179;6,6;2,7;
2023/07/02;1400 UTC;0;991,7;992,2;991,7;2217,1;23,6;;24,3;22,7;;;;;;176;6,1;3,4;
2023/07/02;1500 UTC;0;990,8;991,7;990,8;1724,4;24,1;;24,7;22,5;;;;;;190;6,2;2,9;
2023/07/02;1600 UTC;0;989,7;990,8;989,6;1841,5;25,8;25,6;26,1;24,1;;;;;99;137;5,6;2,4;
2023/07/02;1700 UTC;0;988,8;989,6;988,8;1418,3;24,7;23,3;26,5;24,6;26,1;23,2;99;91;92;133;6,7;3,5;
2023/07/02;1800 UTC;0;988,1;988,8;988,1;984,3;25,6;23,7;25,6;24,3;23,8;22,7;92;89;89;125;6,6;3;
2023/07/02;1900 UTC;0;987,6;988,1;987,6;1334,3;25,4;22,6;26,1;25,4;24,1;22,6;90;84;84;124;5,8;3;
2023/07/02;2000 UTC;0;987,8;987,9;987,5;464,5;24,3;21,3;25,4;24,3;22,4;21,3;85;83;83;131;5,6;2,7;
2023/07/02;2100 UTC;0;988,2;988,2;987,7;34,2;22,7;19,8;24,3;22,7;21,2;19,8;84;83;84;124;5;1,9;
2023/07/02;2200 UTC;0;988,5;988,6;988,1;;21,9;19,4;22,7;21,9;19,8;19,4;86;84;86;123;4,2;1,6;
2023/07/02;2300 UTC;0;989,2;989,2;988,5;;20,9;18,9;21,9;20,9;19,5;18,9;88;86;88;68;3,5;1,5;
2023/07/03;0000 UTC;0;989,9;989,9;989,2;;20,4;19;20,9;20,4;19,1;18,8;92;88;92;77;2,8;1,3;
2023/07/03;0100 UTC;0;990,4;990,5;989,8;;20,9;20,1;20,9;20,2;20,1;18,9;96;92;96;86;3,5;2;
2023/07/03;0200 UTC;0;990,4;990,5;990,3;;20,5;20,5;20,9;20,4;20,5;20,1;100;96;100;144;3,5;1;
2023/07/03;0300 UTC;0;990,4;990,6;990,3;;19,9;;20,5;19,6;20,5;19,6;100;100;;140;1,9;,8;
2023/07/03;0400 UTC;0;989,7;990,5;989,7;;19,2;;20,1;19,1;;;;;;177;1,7;,6;
2023/07/03;0500 UTC;0;989,5;989,7;989,4;;18,7;;19,2;18,7;;;;;;36;1,4;,5;
2023/07/03;0600 UTC;0;989,1;989,5;989,1;;18,3;;18,7;18,3;;;;;;355;1;,2;
2023/07/03;0700 UTC;0;989,3;989,3;989;;18,1;;18,4;17,9;;;;;;297;,9;,2;
2023/07/03;0800 UTC;0;989,7;989,7;989,3;;18,3;;18,5;18,1;;;;;;310;,9;,2;
2023/07/03;0900 UTC;0;990,2;990,2;989,7;;19;;19;18,3;;;;;;236;2;1;
2023/07/03;1000 UTC;0;991,1;991,1;990,2;88,6;19,7;;19,7;19;;;;;;215;2,5;1,5;
2023/07/03;1100 UTC;0;991,7;991,7;991,1;338;20,6;;20,6;19,7;;;;;;234;2,5;1,2;
2023/07/03;1200 UTC;0;992,2;992,2;991,7;767,4;21,5;;21,5;20,6;;;;;;224;3;1,2;
2023/07/03;1300 UTC;0;992,5;992,5;992,2;1384,3;23,1;;23,2;21,1;;;;;;248;2,9;1,3;
2023/07/03;1400 UTC;0;991,8;992,5;991,8;2290,2;25,2;;25,3;23,1;;;;;;206;4,2;1,7;
2023/07/03;1500 UTC;0;991,1;991,9;991,1;1544,4;26,2;;26,2;24,6;;;;;;140;4,5;2,1;
2023/07/03;1600 UTC;0;990,4;991,1;990,4;2374,7;27;26,1;27,9;26;;;;;95;147;6,3;3,1;
2023/07/03;1700 UTC;0;989,7;990,4;989,7;1939,5;27,2;25,2;27,9;26,1;27,1;24,7;96;88;89;127;8;4,1;
2023/07/03;1800 UTC;0;989,8;989,8;989,6;1805,2;26,7;23,5;27,9;26,1;25,7;23,1;89;83;83;133;8,1;4,4;
2023/07/03;1900 UTC;0;989,8;989,8;989,7;1215,1;25,9;22;26,8;25,9;23,6;22;83;79;79;147;9,5;4,3;
2023/07/03;2000 UTC;0;990,4;990,4;989,8;527,1;24,7;20,1;26,1;24,7;22,1;20,1;79;76;76;141;9,4;2,8;
2023/07/03;2100 UTC;0;990,9;990,9;990,4;34,9;23;18,9;24,7;23;20,1;18,9;78;76;78;145;8,7;3,6;
2023/07/03;2200 UTC;0;991,5;991,5;990,8;;22,3;18,8;23;22,3;18,9;18,7;81;78;81;143;7,3;3,7;
2023/07/03;2300 UTC;0;992,3;992,3;991,5;;21,8;18,9;22,3;21,8;18,9;18,7;83;81;83;137;7,7;2,8;
2023/07/04;0000 UTC;0;993;993;992,3;;21,2;18,7;21,8;21,2;19;18,7;86;83;86;148;7,6;3;
2023/07/04;0100 UTC;0;993,5;993,5;993;;20,6;18,4;21,2;20,6;18,7;18,4;87;86;87;143;6,5;1,5;
2023/07/04;0200 UTC;0;993,5;993,5;993,4;;20,2;18,4;20,6;20,2;18,4;18,2;89;87;89;135;3;1,5;
2023/07/04;0300 UTC;0;993,4;993,5;993,4;;20,1;18,7;20,3;20,1;18,7;18,4;91;89;91;144;2,9;1;
2023/07/04;0400 UTC;0;993;993,5;993;;19,9;18,8;20,2;19,9;19;18,6;93;91;93;135;2,7;1,1;
2023/07/04;0500 UTC;0;992,6;993;992,6;;20,4;19,7;20,4;19,9;19,7;18,8;96;94;96;167;3,5;1,7;
2023/07/04;0600 UTC;0;992,2;992,6;992,2;;20,1;19,6;20,5;20;19,8;19,4;97;96;97;155;4,7;2,2;
2023/07/04;0700 UTC;0;992,1;992,2;992;;20,1;19,8;20,3;20;20;19,6;98;97;98;156;6,2;2,5;
2023/07/04;0800 UTC;0;992,4;992,4;992,1;;19,8;19,7;20,2;19,8;20;19,7;99;98;99;165;6,3;2,9;
2023/07/04;0900 UTC;0;992,8;992,8;992,4;;19,7;19,7;19,8;19,6;19,7;19,6;100;99;100;178;6;2,4;
2023/07/04;1000 UTC;0;993,6;993,6;992,7;40,1;19,5;19,5;19,8;19,4;19,8;19,4;100;100;100;194;5;2,3;
2023/07/04;1100 UTC;0;994,5;994,5;993,6;295,7;19,8;19,7;19,8;19,4;19,7;19,4;100;99;99;182;5,8;2,8;
2023/07/04;1200 UTC;0;995;995;994,5;991,7;21,6;21,2;21,9;19,8;21,7;19,7;99;98;98;191;6,9;4,1;
2023/07/04;1300 UTC;0;995,2;995,2;995;1338;21,6;20,8;22;20,2;21,4;19,5;98;95;95;194;7,7;4,3;
2023/07/04;1400 UTC;0;994,7;995,2;994,7;2482,2;23,3;21,9;23,5;21,4;22,6;20,6;97;91;92;170;8;4,5;
2023/07/04;1500 UTC;0;994,1;994,7;994,1;2546,1;24,1;21,7;24,3;23,2;22,6;21,2;92;87;87;151;9,6;4,6;
2023/07/04;1600 UTC;0;993,4;994,1;993,4;2135,2;24,7;21,4;25,1;23,9;22,6;21;87;82;82;149;9,6;4,8;
2023/07/04;1700 UTC;0;992,7;993,5;992,7;2255,1;25,1;21;25,6;23,9;22,1;20;82;78;78;148;10,2;4,7;
2023/07/04;1800 UTC;0;992,4;992,7;992,4;1917,7;25,1;20,2;25,2;24,6;21;19,7;78;74;74;154;10,2;4,6;
2023/07/04;1900 UTC;0;992,7;992,8;992,4;1164,9;23,3;18,2;25,3;22,8;20,3;17,5;74;72;73;143;11,1;4,1;
2023/07/04;2000 UTC;0;993,1;993,1;992,7;559,4;21,5;16,9;23,5;21,4;18,4;16,7;75;72;75;131;10,4;4,5;
2023/07/04;2100 UTC;0;993,3;993,3;993;58,9;20,4;16,5;21,5;20,3;16,9;16,2;78;75;78;124;9,3;2,8;
2023/07/04;2200 UTC;0;993,6;993,6;993,2;;20;16,6;20,4;20;16,6;16,5;81;78;81;130;5,8;1,4;
2023/07/04;2300 UTC;0;994,1;994,1;993,6;;19,5;16,6;20;19,5;16,7;16,5;84;81;84;116;4;1,3;
2023/07/05;0000 UTC;0;994,4;994,4;994,1;;19,4;17,1;19,5;19,1;17,1;16,4;87;84;87;118;2,4;,9;
2023/07/05;0100 UTC;0;994,8;994,8;994,5;;18,6;16,6;19,5;18,6;17,2;16,6;88;87;88;133;2,1;,6;
2023/07/05;0200 UTC;0;994,8;994,8;994,7;;19,2;17,7;19,3;18,4;17,8;16,5;91;88;91;100;1,9;,7;
2023/07/05;0300 UTC;0;994,7;994,9;994,6;;18,8;17,6;19,2;18,8;17,8;17,4;93;91;93;216;1,4;,3;
2023/07/05;0400 UTC;0;994,3;994,7;994,3;;19;18,2;19,1;18,1;18,3;17;96;93;96;214;2,4;1,2;
2023/07/05;0500 UTC;0;993,7;994,3;993,7;;18,5;18,1;19;18,2;18,2;17,7;98;96;98;213;2,5;1,4;
2023/07/05;0600 UTC;0;993,3;993,7;993,2;;18;17,9;18,5;18;18,1;17,7;100;98;100;208;4,3;2,5;
2023/07/05;0700 UTC;0;993,4;993,4;993,2;;17,8;17,8;18,2;17,8;18,2;17,8;100;100;100;288;4,6;,6;
2023/07/05;0800 UTC;0;993,8;993,8;993,4;;18,5;;18,5;17,4;;;;;;192;3;1,7;
2023/07/05;0900 UTC;0;993,9;994;993,8;;18,5;;18,6;18,5;;;;;;193;4,3;1,8;
2023/07/05;1000 UTC;,2;994,6;994,6;993,9;50,2;18,6;;18,7;18,5;;;;;;178;4,5;2;
2023/07/05;1100 UTC;,4;995,5;995,5;994,6;332;19,3;;19,3;18,6;;;;;;157;3,9;1,4;
2023/07/05;1200 UTC;0;995,7;995,7;995,5;1254,9;20,3;;20,7;19,1;;;;;;216;4,6;2,1;
2023/07/05;1300 UTC;0;995,6;995,7;995,6;1097,4;20,8;;21,4;20,3;;;;;;187;5,3;2,7;
2023/07/05;1400 UTC;0;995,1;995,6;995,1;960,9;22,2;;22,2;20,8;;;;;;149;5,8;2,7;
2023/07/05;1500 UTC;0;994,6;995,1;994,6;935,8;22,4;;22,6;20,7;;;;;;135;10,1;5,5;
2023/07/05;1600 UTC;0;993,9;994,6;993,9;2495,6;22,3;21,3;24,6;22,3;24,5;21,3;100;94;94;95;10,8;5,5;
2023/07/05;1700 UTC;0;993;993,9;993;1699,8;23;21,3;24,6;22,3;23,9;21,2;97;90;90;136;9,4;4,6;
2023/07/05;1800 UTC;0;992,8;993;992,7;1006,4;23,1;21,2;23,1;22,5;21,2;20,7;91;88;89;131;8,8;4,8;
2023/07/05;1900 UTC;0;992,7;992,9;992,7;930,4;23,2;20,4;23,7;23;21,4;20,3;89;84;84;127;10,2;2,9;
2023/07/05;2000 UTC;0;992,8;992,8;992,6;345;22,5;19,1;23,2;22,5;20,4;19,1;84;81;81;129;8;3,4;
2023/07/05;2100 UTC;0;993,1;993,2;992,8;28,5;21,4;18;22,5;21,4;19,1;18;81;81;81;148;7,2;2,1;
2023/07/05;2200 UTC;0;993,3;993,3;993;;21,1;17,9;21,4;21,1;18;17,8;82;81;82;138;4,9;1,9;
2023/07/05;2300 UTC;0;993,7;993,7;993,3;;20,9;17,6;21,1;20,9;17,9;17,6;82;82;82;131;4;1,6;
2023/07/06;0000 UTC;0;994;994;993,7;;19,6;16,4;20,9;19,6;17,6;16,4;82;81;82;135;3,5;1,4;
2023/07/06;0100 UTC;0;994,2;994,2;994;;18,9;15,9;19,6;18,4;16,4;15,3;83;82;83;141;2,6;1,4;
2023/07/06;0200 UTC;0;994,2;994,3;994,1;;17,3;14,6;18,9;17,3;15,9;14,6;84;83;84;327;2,6;,3;
2023/07/06;0300 UTC;0;993,9;994,2;993,9;;18,5;16,3;18,5;16,9;16,3;14,3;87;84;87;144;3,2;1,7;
2023/07/06;0400 UTC;0;993,4;993,9;993,3;;18,7;16,7;18,9;18,5;16,8;16,3;88;87;88;115;4,6;,6;
2023/07/06;0500 UTC;0;992,7;993,4;992,7;;17,6;15,8;18,8;17,6;16,8;15,8;89;88;89;232;1,6;,6;
2023/07/06;0600 UTC;0;992,1;992,7;992;;17,6;16,3;17,6;16,8;16,3;15,2;92;89;92;192;2,4;1,1;
2023/07/06;0700 UTC;0;992;992,1;991,9;;16,4;15,3;17,7;16,3;16,5;15,2;94;92;94;205;2,4;,8;
2023/07/06;0800 UTC;0;992,3;992,3;992;;16,2;15,6;16,4;16,1;15,6;15,2;96;94;96;282;1,6;,2;
2023/07/06;0900 UTC;0;992,3;992,4;992,2;;16,3;16,2;17,1;16,2;16,9;15,7;99;96;99;250;1,8;,4;
2023/07/06;1000 UTC;0;992,8;992,8;992,3;77,1;18,3;;18,4;16,3;;;;;;206;4,4;1,8;
2023/07/06;1100 UTC;0;993,5;993,5;992,8;609,2;19,6;;19,7;18,2;;;;;;232;3,9;1,5;
2023/07/06;1200 UTC;0;994;994,2;993,5;1089,3;21,1;;21,1;19,4;;;;;;155;3,8;2;
2023/07/06;1300 UTC;0;994;994,2;993,9;1436,2;22,3;22,3;22,7;21,1;;;;;100;198;5;1,7;
2023/07/06;1400 UTC;0;993,5;994;993,5;1738,5;23;22,5;23,7;22,3;23,7;22,3;100;97;97;189;5,9;3,3;
2023/07/06;1500 UTC;0;992,6;993,6;992,6;1855,1;23,7;22,2;24,8;23;23,9;22;97;91;91;179;6,1;2,4;
2023/07/06;1600 UTC;0;991,7;992,5;991,7;1987,6;24,8;22,1;26,5;23,7;24,3;22,1;92;85;85;154;5,8;3,1;
2023/07/06;1700 UTC;0;990,8;991,7;990,8;1907,9;25,8;22,1;26,3;24,7;23,6;21,8;86;80;80;123;6;2,6;
2023/07/06;1800 UTC;0;990,5;990,8;990,5;843,9;24,6;20,5;25,8;24,5;22,1;20,5;80;78;78;132;6,7;3,4;
2023/07/06;1900 UTC;0;990,5;990,5;990,4;671,7;24,3;19,8;24,9;24,3;20,8;19,8;78;76;76;130;6,3;3,2;
2023/07/06;2000 UTC;0;991;991;990,5;242,5;23,3;18,8;24,3;23,3;19,8;18,8;76;76;76;154;6,4;3,6;
2023/07/06;2100 UTC;0;991,1;991,1;991;24,1;22,8;18,4;23,3;22,8;18,8;18,4;76;76;76;161;6,6;3,4;
2023/07/06;2200 UTC;0;991,3;991,3;990,9;;22,3;18,4;22,8;22,3;18,4;18,3;78;76;78;148;7;3;
2023/07/06;2300 UTC;0;991,6;991,6;991,3;;21,9;18,4;22,3;21,9;18,5;18,4;81;78;81;138;5,5;1,8;
2023/07/07;0000 UTC;0;992;992;991,6;;21,9;18,9;22;21,9;18,9;18,5;83;81;83;167;4,5;2,5;
2023/07/07;0100 UTC;0;992,3;992,4;992;;21,8;19,1;22;21,8;19,2;18,9;85;83;85;155;4,7;2,2;
2023/07/07;0200 UTC;0;992,4;992,4;992,2;;21,7;19,4;21,8;21,7;19,4;19,1;87;85;87;151;4,6;2;
2023/07/07;0300 UTC;0;992,2;992,5;992,2;;21,3;19,4;21,7;21,3;19,6;19,4;89;87;89;171;4,5;1,8;
2023/07/07;0400 UTC;0;991,9;992,2;991,9;;20,9;19,4;21,3;20,9;19,5;19,4;91;89;91;199;4;1,9;
2023/07/07;0500 UTC;0;991,4;991,9;991,4;;20,8;19,8;20,9;20,8;19,8;19,4;94;91;94;188;3,6;1,8;
2023/07/07;0600 UTC;0;990,9;991,4;990,8;;20,6;20,1;20,8;20,6;20,1;19,8;97;94;97;187;4,9;2,2;
2023/07/07;0700 UTC;0;990,8;990,9;990,6;;20,5;20,3;20,7;20,5;20,4;20,1;99;97;99;184;4,9;2,4;
2023/07/07;0800 UTC;0;991,3;991,3;990,8;;20,3;20,3;20,5;20,2;20,4;20,2;100;99;100;169;5,7;2,3;
2023/07/07;0900 UTC;0;991,6;991,6;991,3;;20,1;;20,3;20;;;;;;177;4,6;1,8;
2023/07/07;1000 UTC;0;992,3;992,3;991,6;114;20,2;;20,3;20;;;;;;173;5,1;1,8;
2023/07/07;1100 UTC;,2;992,9;992,9;992,3;225,1;20,4;;20,5;20,2;;;;;;187;4,2;1,6;
2023/07/07;1200 UTC;0;993,4;993,4;992,9;427,1;20,7;;20,8;20,3;;;;;;156;5,1;2,9;
2023/07/07;1300 UTC;0;993,4;993,5;993,4;751,7;21,9;;21,9;20,7;;;;;;158;7,4;2,8;
2023/07/07;1400 UTC;0;993;993,5;993;1316,6;23,1;;23,2;21,6;;;;;;155;8,8;3,2;
2023/07/07;1500 UTC;0;992,2;993;992,2;941,7;23,4;;23,4;22,1;;;;;;148;7,4;2,2;
2023/07/07;1600 UTC;0;991,2;992,2;991,2;1152,4;23,9;23,9;24,7;23,3;;;;;100;179;6,8;3;
2023/07/07;1700 UTC;0;990,8;991,2;990,8;614,9;23,8;23;24,4;23,5;24,2;23;100;95;95;153;7,6;3,4;
2023/07/07;1800 UTC;0;990,3;990,8;990,3;715,6;23,7;22,3;24,7;23,6;23,6;22,2;96;92;92;129;6,8;3,8;
2023/07/07;1900 UTC;0;990,2;990,3;990,1;634,1;23,4;21,3;24,2;23,4;22,4;21,3;92;88;88;127;6,9;3,6;
2023/07/07;2000 UTC;0;990,4;990,5;990,2;182;22,6;20,5;23,5;22,6;21,6;20,5;89;88;88;125;7,3;3,8;
2023/07/07;2100 UTC;0;990,6;990,6;990,4;25,1;22,1;20,2;22,6;22,1;20,6;20,2;89;88;89;139;6,9;1,7;
2023/07/07;2200 UTC;0;991;991;990,6;;21,9;20,2;22,1;21,9;20,2;20,1;90;89;90;136;3,7;1,6;
2023/07/07;2300 UTC;0;991,2;991,2;991;;21,9;20,4;22;21,8;20,4;20,2;91;90;91;170;5,5;2,6;
2023/07/08;0000 UTC;,2;991,8;991,8;991,2;;20,9;19,6;21,9;20,9;20,4;19,6;93;91;93;142;5,7;2,3;
2023/07/08;0100 UTC;,4;991,9;992;991,8;;20,5;20,1;20,9;20,5;20,1;19,6;97;93;97;135;6,9;2,8;
2023/07/08;0200 UTC;,4;991,9;992;991,9;;20,5;;20,6;20,4;20,5;20,1;100;97;;125;5,2;2;
2023/07/08;0300 UTC;0;991,6;991,9;991,6;;20,3;;20,6;20,3;;;;;;133;4,3;1,8;
2023/07/08;0400 UTC;0;991,1;991,6;991,1;;20,2;;20,3;20,2;;;;;;142;5,2;1,3;
2023/07/08;0500 UTC;0;990,5;991,1;990,5;;20,2;;20,2;20,1;;;;;;143;3,6;,5;
2023/07/08;0600 UTC;0;990,1;990,6;990,1;;20,2;;20,3;20,2;;;;;;62;1,9;1,1;
2023/07/08;0700 UTC;0;990;990,1;990;;20,2;;20,2;20,1;;;;;;171;1,9;,4;
2023/07/08;0800 UTC;0;990,2;990,2;989,9;;20,2;;20,2;20;;;;;;186;3,6;,5;
2023/07/08;0900 UTC;0;990,4;990,5;990,2;;20;;20,2;19,9;;;;;;77;1,5;,4;
2023/07/08;1000 UTC;0;990,9;990,9;990,4;156;20,6;;20,8;20;;;;;;230;1;,5;
2023/07/08;1100 UTC;0;991,7;991,7;990,9;575;21,8;;21,9;20,5;;;;;;156;2,9;1,6;
2023/07/08;1200 UTC;0;991,9;991,9;991,7;1354,8;24;;24,3;21,8;;;;;;146;3,4;1,6;
2023/07/08;1300 UTC;,2;991,8;992;991,8;2325,4;26,1;;26,1;24;;;;;;130;5,5;2,9;
2023/07/08;1400 UTC;0;991,2;991,8;991,2;2094,5;26,8;26,3;26,8;25,5;;;;;97;110;6,9;3,2;
2023/07/08;1500 UTC;0;990,6;991,2;990,6;1661,7;26,3;24,4;27;26,2;26,3;24,4;97;90;90;119;6,6;3,2;
2023/07/08;1600 UTC;0;989,5;990,6;989,5;1674,8;27,4;24,6;27,5;26,3;25,3;24,3;90;85;85;78;6;2,5;
2023/07/08;1700 UTC;0;989,1;989,5;989,1;1410,5;26,5;23,1;27,4;26,5;24,5;23;85;82;82;142;6,3;2,6;
2023/07/08;1800 UTC;0;988,8;989,1;988,8;696,7;26,3;22,4;26,7;26,2;23,3;22,4;82;79;79;96;6,1;3;
2023/07/08;1900 UTC;0;988,8;988,9;988,8;527,9;26;22;26,4;25,9;22,5;21,9;79;79;79;127;5;2,8;
2023/07/08;2000 UTC;0;989,2;989,2;988,7;342,5;25,3;21,4;26;25,3;22;21,4;79;78;79;130;4,9;2,2;
2023/07/08;2100 UTC;0;989,4;989,4;989,2;37;24,3;20,6;25,3;24,3;21,4;20,6;80;79;80;133;4,7;2,3;
2023/07/08;2200 UTC;0;990,2;990,2;989,4;;23,5;20,4;24,3;23,5;20,6;20,3;83;80;83;140;4,3;2,2;
2023/07/08;2300 UTC;0;990,6;990,6;990,2;;23,1;20,7;23,5;23;20,7;20,3;87;83;87;144;4,7;2,1;
2023/07/09;0000 UTC;0;991,1;991,1;990,6;;23;21,4;23,2;23;21,4;20,8;90;87;90;148;4,5;2,4;
2023/07/09;0100 UTC;0;991,5;991,5;991,1;;23;22;23;23;22;21,4;94;90;94;141;4,7;1,7;
2023/07/09;0200 UTC;0;991,3;991,5;991,3;;22,8;22,3;23;22,8;22,3;22;97;94;97;138;4,2;1,7;
2023/07/09;0300 UTC;0;991,1;991,3;991;;22,8;22,8;22,9;22,8;22,8;22,3;100;97;100;147;3,5;1,4;
2023/07/09;0400 UTC;0;990,5;991,1;990,5;;22,8;22,8;22,9;22,8;22,9;22,8;100;100;100;141;3,3;,9;
2023/07/09;0500 UTC;1;990,1;990,5;990,1;;22,1;;22,8;22,1;;;;;;106;3,8;1,4;
2023/07/09;0600 UTC;0;989,6;990,1;989,6;;21,7;;22,1;21,7;;;;;;70;2,7;1,2;
2023/07/09;0700 UTC;0;989,7;989,7;989,6;;21,7;;21,7;21,6;;;;;;116;2,9;1,5;
2023/07/09;0800 UTC;0;990,2;990,2;989,7;;21,7;;21,7;21,6;;;;;;115;3;1,8;
2023/07/09;0900 UTC;0;990,6;990,6;990,2;;21,4;;21,7;21,4;;;;;;31;3,1;,4;
2023/07/09;1000 UTC;0;990,8;990,9;990,6;96;21,8;;21,8;21,4;;;;;;52;2,8;1,5;
2023/07/09;1100 UTC;0;991,7;991,7;990,8;672,6;23,1;;23,1;21,7;;;;;;73;4,1;1,8;
2023/07/09;1200 UTC;0;991,9;991,9;991,7;1716,1;25,1;;25,3;23,1;;;;;;74;3,5;2,2;
2023/07/09;1300 UTC;0;991,8;991,9;991,8;1769,4;25,9;;26,3;25;;;;;;68;4;2,2;
2023/07/09;1400 UTC;0;991,4;991,8;991,4;2168,4;27,1;27,1;27,2;25,9;;;;;100;118;5,2;1,8;
2023/07/09;1500 UTC;0;990,5;991,4;990,5;2379,2;27,9;26,6;28,1;26,5;27,2;26,1;100;93;93;130;5,6;2,6;
2023/07/09;1600 UTC;0;989,6;990,5;989,6;2731,9;28,5;26;29,2;27,8;27,4;25,4;93;85;86;94;5,6;2,3;
2023/07/09;1700 UTC;0;988,7;989,6;988,7;2562;29,7;25,8;29,7;28,5;26,7;25,4;87;80;80;95;5,3;2,2;
2023/07/09;1800 UTC;0;988,5;988,7;988,4;1981,7;28,5;23,3;30,2;28,5;26;23,3;80;74;74;131;6,4;3,1;
2023/07/09;1900 UTC;0;988,5;988,5;988,3;561,7;27,7;22,6;28,7;27,7;23,7;22,5;75;73;74;109;6,5;3,6;
2023/07/09;2000 UTC;0;988,9;988,9;988,5;286,1;26,8;21,7;27,7;26,8;22,6;21,7;74;73;74;127;6,5;3,4;
2023/07/09;2100 UTC;0;989,6;989,6;988,9;41,8;25,7;21,3;26,8;25,7;21,7;21,3;76;74;76;123;7;3,7;
2023/07/09;2200 UTC;0;990,5;990,5;989,6;;24,5;20,5;25,7;24,5;21,3;20,4;78;76;78;106;7,3;2,9;
2023/07/09;2300 UTC;0;991;991;990,5;;23,9;20,6;24,5;23,9;20,6;20,4;82;78;82;74;5,4;1,7;
2023/07/10;0000 UTC;0;991,3;991,3;990,9;;23,4;20,8;23,9;23,3;20,8;20,6;86;82;86;76;5,6;1,7;
2023/07/10;0100 UTC;0;991,3;991,3;991,2;;22,5;20,5;23,4;22,5;20,8;20,5;89;86;89;60;4,5;1,5;
2023/07/10;0200 UTC;0;991,3;991,4;991,2;;21,7;20,2;22,5;21,7;20,5;20,1;91;89;91;48;4;1,8;
2023/07/10;0300 UTC;0;991,1;991,3;991;;21,6;20,3;21,7;21,6;20,4;20,2;93;91;93;31;4,3;1,6;
2023/07/10;0400 UTC;0;990,9;991,1;990,9;;21,4;20,4;21,6;21,4;20,4;20,3;94;93;94;62;2,6;,6;
2023/07/10;0500 UTC;0;990,7;990,9;990,7;;20,9;20,1;21,4;20,9;20,4;20,1;96;94;96;85;2;,9;
2023/07/10;0600 UTC;0;990,9;990,9;990,6;;20,6;20,2;20,9;20,5;20,2;20;98;96;98;127;2;1,1;
2023/07/10;0700 UTC;0;991,1;991,2;990,9;;21;21;21;20,6;21;20,2;100;98;100;90;2,7;1,1;
2023/07/10;0800 UTC;0;991,4;991,4;991,1;;20,3;20,3;21;20,3;20,9;20,3;100;100;100;129;1,8;1;
2023/07/10;0900 UTC;0;991,7;991,7;991,4;;19,3;;20,3;19,3;20,2;19,3;100;100;;280;1,5;,9;
2023/07/10;1000 UTC;0;992;992;991,6;186,7;20,4;;20,4;19;;;;;;268;1,3;,5;
2023/07/10;1100 UTC;0;992,8;992,8;992;871,2;22,4;;22,8;20,4;;;;;;4;1,6;,8;
2023/07/10;1200 UTC;0;993,2;993,2;992,8;1311;24;24;24,1;22,4;;;;;100;97;3,5;1,9;
2023/07/10;1300 UTC;0;992,8;993,2;992,8;1968,2;25,6;24,8;25,9;23,8;25,5;23,7;100;95;95;82;4,3;2,2;
2023/07/10;1400 UTC;0;992,4;992,8;992,4;2382,8;26,8;24,7;27,4;25,2;26;23,9;96;89;89;61;5,3;2,9;
2023/07/10;1500 UTC;0;991,7;992,4;991,7;2609;27,9;24,7;28;26,6;25,9;23,9;90;83;83;123;6;2,9;
2023/07/10;1600 UTC;0;990,8;991,7;990,8;2197,8;28;23,4;28,8;26,8;24,9;23,3;83;76;76;111;6;2,5;
2023/07/10;1700 UTC;0;989,7;990,8;989,7;2066,2;28;22,2;29,1;28;24,3;22,2;77;71;71;102;5,8;2,1;
2023/07/10;1800 UTC;0;989,5;989,8;989,5;1768,9;29,1;22,2;29,1;27,8;22,8;21,8;71;66;67;97;5,7;2,9;
2023/07/10;1900 UTC;0;989,9;989,9;989,5;599;26,7;20,4;29,3;26,5;22,4;20;69;65;69;120;9,4;3,1;
2023/07/10;2000 UTC;0;990,2;990,2;989,9;414,9;26,5;20,4;26,7;26,4;20,5;20,2;69;69;69;115;6,3;3,2;
2023/07/10;2100 UTC;0;990,3;990,4;990,2;63,7;25,1;19,6;26,5;25,1;20,3;19,6;72;69;72;133;5,8;2,5;
2023/07/10;2200 UTC;0;990,9;990,9;990,3;;24,1;19,6;25,1;24,1;19,6;19,4;76;72;76;136;6,1;2,6;
2023/07/10;2300 UTC;0;991,3;991,3;990,9;;23,7;19,7;24,1;23,7;19,7;19,5;78;76;78;124;5,6;2,6;
2023/07/11;0000 UTC;0;991,7;991,7;991,3;;23,3;19,9;23,7;23,3;19,9;19,7;81;78;81;112;5,3;2,7;
2023/07/11;0100 UTC;0;992;992;991,7;;23;20,1;23,3;23;20,1;19,9;84;81;84;104;5;2;
2023/07/11;0200 UTC;0;991,8;992;991,8;;22,8;20,4;23;22,8;20,4;20,1;87;84;87;111;3,5;1,7;
2023/07/11;0300 UTC;0;991,7;991,8;991,7;;22,6;20,7;22,8;22,6;20,7;20,4;89;87;89;132;3,3;1,4;
2023/07/11;0400 UTC;0;991,3;991,7;991,3;;22,5;21;22,6;22,5;21;20,7;91;89;91;114;2,9;1,3;
2023/07/11;0500 UTC;0;990,8;991,3;990,8;;22,2;21,3;22,5;22,2;21,3;21;94;91;94;80;2,5;1,1;
2023/07/11;0600 UTC;0;990,6;990,8;990,5;;22,1;21,7;22,2;22;21,7;21,3;98;94;98;83;2,1;,7;
2023/07/11;0700 UTC;0;990,4;990,6;990,4;;21,8;21,8;22,1;21,8;21,9;21,8;100;98;100;135;1,8;1,1;
2023/07/11;0800 UTC;0;990,4;990,4;990,3;;20,6;;21,8;20,6;;;;;;178;1,7;,8;
2023/07/11;0900 UTC;0;990,9;990,9;990,4;;20;;20,6;20;;;;;;163;1,6;,9;
2023/07/11;1000 UTC;0;991,2;991,2;990,8;182,7;21,7;;21,8;20;;;;;;298;1,6;,2;
2023/07/11;1100 UTC;0;992;992;991,2;794,1;23,1;;23,1;21,4;;;;;;145;3;1,6;
2023/07/11;1200 UTC;0;992,3;992,4;992;1428;24,3;;24,3;23,1;;;;;;134;4,9;2,5;
2023/07/11;1300 UTC;0;992,2;992,4;992,2;1967,7;25,5;25;25,9;23,9;25,8;23,9;100;97;97;125;6,1;3,1;
2023/07/11;1400 UTC;0;991,6;992,2;991,6;1639,1;25,9;24,1;26;25,3;25,2;23,9;97;90;90;118;6,1;2,4;
2023/07/11;1500 UTC;0;990,4;991,6;990,4;2889,6;27,7;24,6;27,9;25,9;25,5;24,1;90;83;83;124;6,4;3;
2023/07/11;1600 UTC;0;989,6;990,4;989,6;2412,1;28;23,5;28,9;27,1;25;23,3;83;76;77;121;5,6;2,9;
2023/07/11;1700 UTC;0;988,7;989,6;988,7;2219,9;29,1;23,4;29,4;27,6;24,7;22,5;77;72;72;106;5,6;3,1;
2023/07/11;1800 UTC;0;988,4;988,7;988,4;1064,1;27,4;21,6;29,1;26,8;23,1;21;71;70;71;123;7,6;3,9;
2023/07/11;1900 UTC;0;988,4;988,4;988,2;789,4;25,8;20,1;28;25,7;22,3;19,9;71;69;71;133;8,1;3,9;
2023/07/11;2000 UTC;0;988,6;988,6;988,4;492,3;25,6;19,7;26,2;25,6;20,6;19,7;71;70;70;121;8,5;4,2;
2023/07/11;2100 UTC;0;988,9;988,9;988,6;45,5;24,4;18,9;25,6;24,4;19,7;18,9;72;70;72;130;8,5;2,7;
2023/07/11;2200 UTC;0;989,3;989,3;988,9;;23,3;18,2;24,4;23,3;18,9;18,2;73;72;73;116;5,7;2,4;
2023/07/11;2300 UTC;0;989,7;989,7;989,3;;22,1;17,4;23,3;22,1;18,2;17,4;75;73;75;118;5,5;2;
2023/07/12;0000 UTC;0;990,2;990,2;989,7;;21,6;17,4;22,1;21,6;17,5;17,4;77;75;77;115;4,7;1,8;
2023/07/12;0100 UTC;0;990,5;990,5;990,2;;21,6;17,8;21,8;21,5;18;17,4;79;77;79;136;4,4;1,9;
2023/07/12;0200 UTC;0;990;990,5;990;;21;17,8;21,6;21;17,8;17,6;82;79;82;141;3,5;1,7;
2023/07/12;0300 UTC;0;989,8;990;989,8;;20,5;17,8;21;20,5;17,9;17,7;84;82;84;123;3,4;1;
2023/07/12;0400 UTC;0;989,2;989,8;989,2;;20,2;17,8;20,5;20,2;18;17,7;86;84;86;120;2,4;1;
2023/07/12;0500 UTC;0;988,7;989,2;988,7;;18,8;16,7;20,2;18,8;17,8;16,7;88;86;88;45;2;,2;
2023/07/12;0600 UTC;0;988,4;988,8;988,4;;18,1;16,3;18,8;18,1;16,7;16,3;89;88;89;42;,7;,4;
2023/07/12;0700 UTC;0;988,4;988,5;988,4;;17,5;16;18,2;17,5;16,5;15,9;91;89;91;309;,7;,3;
2023/07/12;0800 UTC;0;988,5;988,5;988,4;;17,1;15,8;17,7;17;16,3;15,7;92;91;92;222;,8;,4;
2023/07/12;0900 UTC;0;988,8;988,8;988,5;;17;16,1;17,1;16,9;16,1;15,7;94;92;94;298;,6;,4;
2023/07/12;1000 UTC;0;989,3;989,3;988,8;128,3;17,8;17,3;17,8;16,8;17,3;15,9;97;94;97;296;1,1;,6;
2023/07/12;1100 UTC;0;990;990;989,3;763,8;20,9;20,9;21;17,8;20,9;17,3;100;97;100;292;1,5;,6;
2023/07/12;1200 UTC;0;990,2;990,2;990;1693,7;23,8;23,4;23,8;20,9;23,5;21;100;97;98;134;4,4;2,1;
2023/07/12;1300 UTC;0;989,9;990,2;989,9;1961,5;24,9;23,2;25,4;23,8;24;22,7;98;90;90;106;6,7;3,3;
2023/07/12;1400 UTC;0;989,3;989,9;989,3;2654,6;26,1;22,9;26,4;24,8;24;22,3;91;82;83;128;6,7;3;
2023/07/12;1500 UTC;0;988,4;989,3;988,3;2871,3;27,1;22,4;27,5;26,1;23,8;22;83;76;76;105;6,6;3,2;
2023/07/12;1600 UTC;0;987,4;988,3;987,4;2322,1;28,5;22,6;28,5;26,5;23,3;21;76;70;71;95;6,6;2,7;
2023/07/12;1700 UTC;0;986,2;987,4;986,2;2475,1;28,5;21,1;28,9;27,5;22,6;21;71;64;64;108;7,1;2,4;
2023/07/12;1800 UTC;0;985,8;986,2;985,8;1414,7;27;18,9;28,7;26,9;21,3;18,9;64;61;62;128;6,3;3;
2023/07/12;1900 UTC;0;985,9;986;985,8;1240,7;26,8;18,8;27,5;26,7;19,5;18,5;62;61;61;125;6,7;3;
2023/07/12;2000 UTC;0;986,4;986,4;985,9;450,8;24,9;17,5;27;24,9;18,9;17,4;63;61;63;135;7,8;2,9;
2023/07/12;2100 UTC;0;986,7;986,7;986,4;33,5;24;17,3;24,9;24;17,6;17,2;66;63;66;140;7;3,4;
2023/07/12;2200 UTC;0;987,3;987,3;986,6;;23,2;17,2;24;23,2;17,2;17,2;69;66;69;141;6,8;3,2;
2023/07/12;2300 UTC;0;988;988;987,3;;22,4;17,2;23,2;22,4;17,3;17,1;72;69;72;130;6,9;1,5;
2023/07/13;0000 UTC;0;988,6;988,6;988;;21,5;16,9;22,4;21,5;17,1;16,9;75;72;75;138;4,3;1,5;
2023/07/13;0100 UTC;0;989;989;988,6;;20,8;16,7;21,5;20,8;17;16,7;77;75;77;112;2,8;1,4;
2023/07/13;0200 UTC;0;988,8;989;988,8;;19,3;15,6;20,8;19,3;16,7;15,6;79;77;79;68;2,8;,4;
2023/07/13;0300 UTC;0;988,6;988,8;988,6;;18,3;15,1;19,3;18,3;15,6;15;81;79;81;327;,7;,4;
2023/07/13;0400 UTC;0;988,1;988,6;988,1;;17,5;14,7;18,4;17,5;15,2;14,7;83;81;83;172;,7;,3;
2023/07/13;0500 UTC;0;988;988,1;988;;17,2;14,7;17,5;17,1;15;14,5;86;83;86;252;1,2;,4;
2023/07/13;0600 UTC;0;987,8;988,1;987,8;;16,8;14,7;17,2;16,7;15;14,5;87;85;87;147;,7;,2;
2023/07/13;0700 UTC;0;987,9;987,9;987,8;;16,6;14,7;16,9;16,5;14,9;14,6;89;87;89;302;1;,7;
2023/07/13;0800 UTC;0;988,3;988,3;987,9;;16,5;14,9;16,6;16,3;15;14,6;90;89;90;276;1,3;,9;
2023/07/13;0900 UTC;0;988,6;988,7;988,3;;16,3;14,9;16,7;16,2;15,4;14,7;92;90;92;275;1,3;,7;
2023/07/13;1000 UTC;0;989,4;989,4;988,6;181,3;17,9;16,9;17,9;16,3;16,9;14,9;94;92;94;286;1,2;,4;
2023/07/13;1100 UTC;0;990,2;990,2;989,4;797,6;21,3;20,5;21,3;17,9;20,5;17;96;94;95;305;1,3;,7;
2023/07/13;1200 UTC;0;990,7;990,7;990,2;1541,1;22,6;21,3;23,2;21,3;22,2;20,5;95;92;92;229;3;1,2;
2023/07/13;1300 UTC;0;990,7;990,8;990,7;1632,2;23,4;21,7;23,9;22,6;22,5;21,3;93;90;90;232;4,1;1,2;
2023/07/13;1400 UTC;0;990;990,7;990;2488,2;25,9;23,6;26,6;23,2;24,5;21,6;92;87;87;140;3,2;1;
2023/07/13;1500 UTC;0;988,6;990;988,6;2833,2;27,5;23,7;28,4;25,6;25,2;23,2;87;80;80;65;4;1,5;
2023/07/13;1600 UTC;0;987,6;988,6;987,6;2179,4;28,8;23,4;29;27;24,6;22,4;80;73;73;103;4,3;1,5;
2023/07/13;1700 UTC;0;986,5;987,6;986,5;2255,1;28,8;21,8;30,1;28;24,5;21;73;66;66;318;3,4;1;
2023/07/13;1800 UTC;0;986,1;986,5;986,1;1808,4;29,1;20,5;29,5;28,4;22;19,8;66;60;60;301;4;1,1;
2023/07/13;1900 UTC;0;986;986,1;985,9;1329;28,9;18,6;29,6;28,8;20,8;18,6;60;54;54;126;3,7;2,1;
2023/07/13;2000 UTC;0;986,2;986,2;986;548,6;28,1;17;28,9;28,1;18,6;17;54;51;51;120;3,8;1,6;
2023/07/13;2100 UTC;0;986,5;986,5;986,2;45,1;25,7;15,9;28,1;25,7;17;15,6;55;51;55;116;6,1;2,9;
2023/07/13;2200 UTC;0;987;987,1;986,5;;23,3;15,9;25,6;23,3;15,9;15,7;63;55;63;102;7,2;3,5;
2023/07/13;2300 UTC;0;987,3;987,3;987,1;;22,2;16,2;23,3;22,2;16,3;15,9;69;63;69;92;6,8;2,4;
2023/07/14;0000 UTC;0;987,7;987,7;987,3;;21,4;16,4;22,2;21,4;16,4;16,3;73;69;73;76;4,4;1,8;
2023/07/14;0100 UTC;0;988;988;987,7;;20,8;16,6;21,4;20,8;16,6;16,4;77;73;77;74;4;1,8;
2023/07/14;0200 UTC;0;988,1;988,2;988;;20,4;16,9;20,8;20,3;16,9;16,6;81;77;81;59;2,9;1,4;
2023/07/14;0300 UTC;0;988,2;988,3;988,2;;20,1;17,3;20,4;20;17,3;16,9;84;81;84;55;2,7;1,6;
2023/07/14;0400 UTC;0;987,5;988,2;987,5;;20,2;18;20,2;19,8;18;17,2;87;84;87;59;4,1;1,7;
2023/07/14;0500 UTC;0;987,2;987,6;987,2;;20,8;18,9;20,8;20;18,9;17,9;89;87;89;17;3,7;2;
2023/07/14;0600 UTC;0;986,9;987,2;986,8;;21;19,5;21;20,8;19,5;19;91;89;91;30;5,3;2,3;
2023/07/14;0700 UTC;0;987,3;987,3;986,9;;21,2;19,7;21,3;21;19,8;19,5;91;91;91;6;5,4;1,8;
2023/07/14;0800 UTC;0;987,6;987,6;987,3;;21,4;19,9;21,5;21,2;20;19,7;92;91;92;5;4,3;2,1;
2023/07/14;0900 UTC;0;988;988;987,6;;21,5;20,1;21,5;21,3;20,1;19,9;92;91;92;350;4,3;2,3;
2023/07/14;1000 UTC;0;988,7;988,7;988;67,6;21,7;20,3;21,8;21,4;20,3;20;92;92;92;329;3,9;2,1;
2023/07/14;1100 UTC;0;989,3;989,3;988,7;382,3;22,3;20,8;22,4;21,7;20,8;20,3;92;91;91;333;4,8;2,8;
2023/07/14;1200 UTC;0;989,9;989,9;989,3;592,2;22,8;21;23;22,3;21,2;20,8;91;89;89;298;5,2;2,6;
2023/07/14;1300 UTC;0;990,1;990,2;989,9;1191,1;24,1;21,9;24,2;22,8;22;20,9;90;87;87;325;5,2;1,7;
2023/07/14;1400 UTC;0;989,6;990,1;989,6;2118,4;26,1;23,1;26,1;24,1;23,1;21,7;88;83;83;254;4;1,4;
2023/07/14;1500 UTC;0;988,8;989,6;988,8;2891,3;27;22,8;27,7;25,9;23,5;22,5;83;78;78;9;4,4;1,7;
2023/07/14;1600 UTC;0;987,8;988,8;987,8;2751,4;28,7;23,2;29;27;24;22,6;78;72;72;266;3,9;,9;
2023/07/14;1700 UTC;0;986,3;987,8;986,3;2452,6;29,5;22,2;30,3;28,3;24,1;22;72;65;65;128;4,2;1,3;
2023/07/14;1800 UTC;0;985,8;986,3;985,8;1930,7;30,5;21,4;30,7;29,2;22,5;21,3;65;58;58;133;3,4;1;
2023/07/14;1900 UTC;0;985,8;985,8;985,8;1263,1;30;19,8;30,4;29,8;21,3;19,8;58;55;55;104;4,2;2,3;
2023/07/14;2000 UTC;0;986;986;985,7;550,7;28,7;18,1;30;28,7;19,8;18,1;55;53;53;105;5,2;2,7;
2023/07/14;2100 UTC;0;986,5;986,5;986;45,3;26,5;16,8;28,7;26,5;18,1;16,8;55;53;55;105;4,9;1,7;
2023/07/14;2200 UTC;0;987,1;987,1;986,5;;25;16,5;26,5;24,9;16,8;16,4;59;55;59;102;3,4;1,9;
2023/07/14;2300 UTC;0;987,5;987,5;987;;23,5;16,2;25;23,5;16,5;16,1;64;59;64;84;3,2;1,3;
2023/07/15;0000 UTC;0;988,6;988,6;987,5;;22,6;16,3;23,5;22,6;16,3;15,8;68;64;68;86;2,7;1,4;
2023/07/15;0100 UTC;0;989,3;989,3;988,6;;22,1;16,7;22,8;22,1;16,8;16,4;72;68;72;79;3;1,4;
2023/07/15;0200 UTC;0;989,2;989,3;989,1;;21;16,4;22,1;21;16,8;16,2;75;72;75;57;2,7;1,5;
2023/07/15;0300 UTC;0;989;989,2;989;;20,5;16,8;21,1;20,5;17;16,5;79;75;79;59;2,8;2;
2023/07/15;0400 UTC;0;988,4;989;988,4;;20,7;17,6;20,8;20,5;17,6;16,8;82;79;82;60;4,7;2,1;
2023/07/15;0500 UTC;0;988,3;988,5;988,3;;20,4;17,9;20,7;20,3;17,9;17,6;86;82;86;79;4,3;,6;
2023/07/15;0600 UTC;0;988,6;988,6;988;;20,5;18,5;20,5;19,5;18,5;17,3;88;86;88;165;3,9;2,4;
2023/07/15;0700 UTC;0;988,5;988,8;988,5;;21,2;19,5;21,2;20,5;19,5;18,6;90;88;90;103;5,3;2;
2023/07/15;0800 UTC;0;988,7;988,8;988,4;;20;18,4;21,2;20;19,5;18,4;91;90;91;41;3,8;,4;
2023/07/15;0900 UTC;0;989,3;989,3;988,7;;19,1;17,8;20;19;18,7;17,6;92;91;92;73;1,5;,5;
2023/07/15;1000 UTC;0;990,4;990,4;989,3;85,3;21,3;20,4;21,3;19,1;20,4;17,8;95;92;95;165;2,1;1,3;
2023/07/15;1100 UTC;0;991,2;991,2;990,4;533;23,1;22,2;23,3;21,3;22,6;20,4;96;95;95;103;3,4;1,4;
2023/07/15;1200 UTC;0;991,8;991,8;991,2;1361,9;25,1;23,8;25,2;22,9;24,1;21,9;95;93;93;66;6,7;2,5;
2023/07/15;1300 UTC;0;991,7;991,8;991,7;2385,8;26,7;24,4;27,1;25;25,2;23,7;93;87;87;96;5,3;2,8;
2023/07/15;1400 UTC;0;991,6;991,8;991,5;2199,6;28,1;24,5;28,3;26,2;24,8;23,6;87;81;81;79;6,8;3,8;
2023/07/15;1500 UTC;0;990,7;991,6;990,7;2346,6;28,8;23,9;29,1;27,3;25;23,2;81;74;75;98;6,3;3,2;
2023/07/15;1600 UTC;0;989,6;990,7;989,6;2830,9;29,7;23;30,2;28,8;24,5;22,6;75;67;67;76;7,8;3,4;
2023/07/15;1700 UTC;0;988,6;989,7;988,6;2597,1;29,9;21,4;30,5;29,6;23,3;21,3;67;60;60;109;7,1;3,2;
2023/07/15;1800 UTC;0;988,1;988,6;988;1933,2;29,5;19,4;30,7;29,5;21,6;19,4;60;55;55;114;7,6;3,8;
2023/07/15;1900 UTC;0;988,1;988,2;987,8;1312,1;28;18;30,2;28;20;18;55;54;55;134;7,3;4,2;
2023/07/15;2000 UTC;0;988,6;988,6;988,1;382,1;27,3;18,3;28;27,3;18,6;17,7;58;55;58;136;7,3;3,3;
2023/07/15;2100 UTC;0;989,1;989,2;988,6;44,6;25,5;18;27,3;25,5;18,3;17,9;63;58;63;138;7;3,7;
2023/07/15;2200 UTC;0;990;990;989,1;;24,3;18,1;25,5;24,3;18,1;17,9;68;63;68;149;7,9;4,1;
2023/07/15;2300 UTC;0;990,9;991;990;;23,5;18,3;24,3;23,5;18,3;18,1;72;68;72;128;7,9;3;
2023/07/16;0000 UTC;0;991,8;991,8;990,9;;23,1;18,5;23,5;23,1;18,5;18,2;75;72;75;134;6,4;2,5;
2023/07/16;0100 UTC;0;992,3;992,3;991,8;;23;19;23,1;22,9;19;18,5;79;75;79;140;5,7;2,5;
2023/07/16;0200 UTC;0;992,1;992,3;992,1;;22,9;19,5;23;22,8;19,5;19;81;79;81;150;6,2;2,5;
2023/07/16;0300 UTC;0;992;992,2;992;;22,3;19,2;22,9;22,3;19,5;19,2;83;81;83;152;5,6;2,1;
2023/07/16;0400 UTC;1,8;991,8;992;991,7;;21,8;19,2;22,4;21,8;19,4;19,1;85;83;85;138;5,4;2;
2023/07/16;0500 UTC;,2;991,3;991,8;991,3;;21,5;19,3;21,9;21,5;19,4;19,2;87;85;87;157;5,7;1,9;
2023/07/16;0600 UTC;0;991,2;991,4;991,2;;21,4;19,5;21,5;21,3;19,5;19,3;89;87;89;157;4,7;2,4;
2023/07/16;0700 UTC;0;991,2;991,2;991,1;;21,1;19,4;21,4;21,1;19,6;19,4;90;89;90;169;5,7;2,2;
2023/07/16;0800 UTC;0;991,5;991,5;991,2;;20,9;19,4;21,1;20,9;19,5;19,4;91;90;91;150;5,3;2;
2023/07/16;0900 UTC;0;991,9;992;991,5;;20,6;19,3;20,9;20,6;19,5;19,3;92;91;92;141;4,6;1,2;
2023/07/16;1000 UTC;0;992,6;992,6;991,9;118,1;20,9;19,8;21;20,6;19,8;19,3;93;92;93;167;5;2,1;
2023/07/16;1100 UTC;0;993,4;993,4;992,6;456,9;21,8;20,8;21,9;20,8;21;19,7;95;93;94;173;4,5;2,5;
2023/07/16;1200 UTC;0;994,1;994,1;993,4;1492,7;24;22,8;24;21,7;22,8;20,7;95;93;93;140;5;2,3;
2023/07/16;1300 UTC;0;994,2;994,2;994,1;1312,5;24,8;23,1;24,8;23,4;23,1;21,9;93;90;90;138;5,4;2,9;
2023/07/16;1400 UTC;0;993,6;994,2;993,6;2500,8;26;23,2;26,2;24,9;23,8;22,7;90;85;85;132;6,6;2,9;
2023/07/16;1500 UTC;0;992,7;993,6;992,6;2778,4;27,1;23,3;27,2;26;24,2;22,8;85;80;80;127;5,9;2,4;
2023/07/16;1600 UTC;0;991,9;992,7;991,9;2290,7;27,5;22,7;28,4;26,2;24,6;22,2;80;75;75;148;6,3;2,8;
2023/07/16;1700 UTC;0;991;991,9;991;1727,4;26,6;21,3;27,6;25,5;22,8;20,5;75;73;73;161;8,3;2,9;
2023/07/16;1800 UTC;0;990,6;991,1;990,6;1570,2;27,3;21,5;28;25,7;22,6;20;73;70;70;130;7,3;3,4;
2023/07/16;1900 UTC;0;990,8;990,8;990,5;1012,1;25,6;19,6;27,7;25,6;21,6;19,5;70;68;69;134;6,9;2,9;
2023/07/16;2000 UTC;0;991,1;991,2;990,8;427,7;25,1;19,2;26,4;25,1;20,5;19,2;70;69;70;144;6,8;3,2;
2023/07/16;2100 UTC;0;991,5;991,5;991,1;50,5;24;18,7;25,1;24;19,2;18,7;72;70;72;150;6,9;3;
2023/07/16;2200 UTC;0;991,7;991,7;991,4;;23,2;18,6;24;23,2;18,7;18,5;75;72;75;143;7;3,3;
2023/07/16;2300 UTC;0;992,4;992,4;991,7;;22,7;18,8;23,2;22,7;18,8;18,5;79;75;79;133;6,8;3,3;
2023/07/17;0000 UTC;0;992,9;992,9;992,4;;22,3;19,1;22,7;22,3;19,1;18,8;82;79;82;135;5,4;2,2;
2023/07/17;0100 UTC;0;993,2;993,2;992,9;;22;19,4;22,3;22;19,4;19,1;85;82;85;127;4,1;1,9;
2023/07/17;0200 UTC;0;993,2;993,3;993,2;;21,7;19,5;22;21,7;19,5;19,4;87;85;87;127;3,7;1,4;
2023/07/17;0300 UTC;0;993,1;993,3;993,1;;21,4;19,5;21,7;21,4;19,6;19,5;89;87;89;138;2,5;1,2;
2023/07/17;0400 UTC;0;992,6;993,1;992,6;;21;19,4;21,4;20,8;19,5;19,1;91;89;91;130;2,2;1,1;
2023/07/17;0500 UTC;0;992;992,6;991,9;;20,9;19,6;21;20,9;19,7;19,4;92;91;92;143;2,1;1,2;
2023/07/17;0600 UTC;0;991,5;992;991,5;;20,7;19,6;21,1;20,6;19,8;19,5;93;92;93;140;2,4;,9;
2023/07/17;0700 UTC;0;991,6;991,6;991,4;;19,3;18,3;20,7;19,3;19,6;18,3;94;93;94;151;1,5;,2;
2023/07/17;0800 UTC;0;991,8;991,9;991,6;;19;18,2;19,3;18,9;18,5;18;95;94;95;240;1,4;,7;
2023/07/17;0900 UTC;0;992;992,1;991,7;;19,1;18,6;19,1;18,6;18,6;17,9;97;95;97;256;1,1;,4;
2023/07/17;1000 UTC;0;992,7;992,7;992;98,3;19,8;19,6;19,8;19,1;19,6;18,6;99;97;99;345;,9;,6;
2023/07/17;1100 UTC;0;993,5;993,5;992,7;616,6;21,7;;21,8;19,7;21,2;19,6;100;99;;140;1,3;,3;
2023/07/17;1200 UTC;0;994,2;994,2;993,5;1832,5;24,1;24,1;24,1;21,6;;;;;100;67;3,2;1,8;
2023/07/17;1300 UTC;0;994,3;994,3;994,2;1758,7;24,7;23,9;24,9;23,8;24,7;23,4;100;96;96;122;5;3;
2023/07/17;1400 UTC;0;994;994,3;994;2131,8;26,9;25;26,9;24,6;25,4;23,8;97;90;90;98;6,1;3,3;
2023/07/17;1500 UTC;0;993,2;994;993,1;2448,1;27,4;24;28,2;26,5;25,4;23,9;90;82;82;113;6,3;2,9;
2023/07/17;1600 UTC;0;992,4;993,2;992,3;2066,8;28,3;23,7;29,1;27,3;25,1;23,4;82;76;76;85;6,7;3,5;
2023/07/17;1700 UTC;0;991,5;992,4;991,5;2442,8;28,8;22,7;29,9;28,3;24,6;22,7;77;70;70;111;7;3,1;
2023/07/17;1800 UTC;0;991,5;991,6;991,3;1651,3;27;20,3;30,1;27;23,9;20,3;70;67;67;130;9,7;4,6;
2023/07/17;1900 UTC;0;991,6;991,6;991,4;1046,4;26,7;19,8;28,2;26,6;21,5;19,7;67;65;66;130;8,3;3,6;
2023/07/17;2000 UTC;0;992;992;991,6;463,1;26,1;19,1;26,9;26,1;19,9;19,1;66;65;65;128;8,1;3,6;
2023/07/17;2100 UTC;0;992,4;992,4;992;38,3;24,9;18,5;26,1;24,9;19,1;18,5;68;65;68;142;7,3;2,7;
2023/07/17;2200 UTC;0;993,1;993,1;992,4;;23,8;18,1;24,9;23,8;18,6;18,1;71;68;71;124;7,3;2,5;
2023/07/17;2300 UTC;0;993,5;993,5;993,1;;22,7;17,5;23,8;22,7;18,1;17,5;73;71;73;120;4,7;2,4;
2023/07/18;0000 UTC;0;994,2;994,2;993,5;;22;17,3;22,7;22;17,5;17,3;75;73;75;122;5,1;1,5;
2023/07/18;0100 UTC;0;994,5;994,5;994,2;;21,4;17,2;22;21,4;17,3;17,2;77;75;77;121;3,1;1,4;
2023/07/18;0200 UTC;0;994,5;994,7;994,5;;20,7;17;21,4;20,7;17,3;17;79;77;79;134;2,3;,9;
2023/07/18;0300 UTC;0;994,3;994,6;994,3;;19,5;16,2;20,7;19,5;17,1;16,2;81;79;81;130;1,6;,8;
2023/07/18;0400 UTC;0;993,9;994,3;993,9;;18,8;15,9;19,6;18,8;16,3;15,9;83;81;83;322;1,4;,5;
2023/07/18;0500 UTC;0;993,7;993,9;993,7;;18,9;16,4;18,9;18,7;16,4;15,8;85;83;85;122;1,5;,8;
2023/07/18;0600 UTC;0;993,2;993,7;993,2;;18,4;16,2;19,1;18;16,6;15,8;87;85;87;73;1,5;,6;
2023/07/18;0700 UTC;0;993,1;993,2;993,1;;17,8;15,8;18,8;17,8;16,7;15,8;88;87;88;23;,8;,2;
2023/07/18;0800 UTC;0;993,6;993,6;993,1;;17,5;15,8;17,8;17,4;16;15,6;90;88;90;340;,6;,4;
2023/07/18;0900 UTC;0;994;994;993,5;;17;15,5;17,5;17;15,8;15,5;91;90;91;261;,7;,3;
2023/07/18;1000 UTC;0;994,4;994,5;994;185,5;18,5;17,2;18,6;16,8;17,3;15,3;93;91;93;295;1,1;,4;
2023/07/18;1100 UTC;0;995,2;995,2;994,4;909,7;22,5;21,3;22,5;18,5;21,3;17,3;94;93;93;141;2,6;1,7;
2023/07/18;1200 UTC;0;995,7;995,7;995,2;1445,4;24,8;23,2;24,9;22,4;23,4;21,2;93;91;91;123;4,8;2,7;
2023/07/18;1300 UTC;0;995,7;995,8;995,6;2112;26,1;23,5;26,3;24,3;23,9;22,4;91;86;86;114;6,5;2,8;
2023/07/18;1400 UTC;0;995,3;995,8;995,3;1972,3;26,4;22,9;26,6;25,1;23,8;22;86;81;81;119;6,2;2,9;
2023/07/18;1500 UTC;0;994,4;995,3;994,4;3015,7;28;22,8;28,7;26,4;24,1;22,8;81;74;74;80;6,6;3;
2023/07/18;1600 UTC;0;993,5;994,4;993,5;2665,9;29,5;22,8;29,8;27,9;23,4;21,9;74;67;67;119;7,1;3;
2023/07/18;1700 UTC;0;992,9;993,6;992,8;2095,3;28,9;20,9;29,5;27,4;22,6;20,2;67;62;62;119;7;3,4;
2023/07/18;1800 UTC;0;992,6;992,9;992,6;1809,3;27,8;19,6;29,2;27,3;21,1;19;62;60;61;123;9;4,3;
2023/07/18;1900 UTC;0;992,8;992,8;992,6;1169;26,9;18,8;27,9;26,3;19,7;18,1;61;60;61;136;8,3;3,7;
2023/07/18;2000 UTC;0;993,3;993,3;992,8;523,4;25,2;17,7;27,1;25,2;19;17,7;63;61;63;150;8,1;4;
2023/07/18;2100 UTC;0;993,6;993,6;993,3;38,4;24,2;17,7;25,2;24,1;17,9;17,6;67;63;67;149;7,5;3;
2023/07/18;2200 UTC;0;994,2;994,2;993,6;;23,1;17,5;24,2;23,1;17,7;17,5;71;67;71;145;7,1;3,1;
2023/07/18;2300 UTC;0;995;995;994,2;;22,7;17,9;23,1;22,7;17,9;17,5;74;71;74;132;6,2;2,2;
2023/07/19;0000 UTC;0;995,5;995,6;995;;22;17,8;22,7;22;17,9;17,8;77;74;77;121;4,1;1,2;
2023/07/19;0100 UTC;0;995,6;995,6;995,5;;21,4;17,7;22;21,4;17,9;17,7;79;77;79;130;2,5;1,3;
2023/07/19;0200 UTC;0;995,4;995,6;995,3;;20,5;17,1;21,4;20,5;17,8;17;81;79;81;158;2,4;,9;
2023/07/19;0300 UTC;0;995,4;995,4;995,3;;19,7;16,6;20,5;19,7;17;16,5;83;81;83;173;2;,6;
2023/07/19;0400 UTC;0;995;995,4;995;;19,4;16,7;19,7;19;16,7;16,2;85;83;85;346;1,6;,3;
2023/07/19;0500 UTC;0;994,7;995;994,7;;19,1;16,8;19,4;18,9;17;16,4;86;85;86;285;1,4;,2;
2023/07/19;0600 UTC;0;994,5;994,7;994,5;;20,6;18,6;20,8;18,9;18,7;16,6;89;86;89;176;2,9;1,3;
2023/07/19;0700 UTC;0;994,6;994,6;994,5;;20,8;19,1;20,9;20,6;19,1;18,7;90;89;90;186;2,2;1,1;
2023/07/19;0800 UTC;0;994,6;994,6;994,6;;20,4;18,9;20,8;20,3;19,1;18,8;91;90;91;136;2,5;1,2;
2023/07/19;0900 UTC;0;995;995;994,6;;20,2;18,9;20,4;20,1;19,1;18,7;93;91;92;141;3;1,2;
2023/07/19;1000 UTC;0;995,5;995,5;995;106,7;20,7;19,8;20,7;20,1;19,8;18,8;95;92;95;126;3;1,1;
2023/07/19;1100 UTC;0;996,5;996,5;995,5;519,9;21,9;21,1;21,9;20,7;21,1;19,8;96;95;95;150;4;1,5;
2023/07/19;1200 UTC;0;997,2;997,2;996,5;1170,8;24,1;23;24,1;21,9;23;21,1;95;94;94;143;3,8;1,7;
2023/07/19;1300 UTC;0;997,2;997,4;997,2;2029,9;25,4;23,8;25,4;23,5;24;22,3;94;90;91;123;5,6;2,5;
2023/07/19;1400 UTC;,6;997,1;997,3;997,1;1480,2;23;20,6;26,3;23;24,2;20,6;91;85;87;147;6;3,1;
2023/07/19;1500 UTC;0;996,3;997,2;996,3;2102,1;26,2;23,8;26,3;23;24;20,8;88;86;86;131;6,4;3,1;
2023/07/19;1600 UTC;0;995,4;996,3;995,4;1745,8;25,9;22,3;27,5;25,7;24,4;22,3;87;80;81;128;7;3,9;
2023/07/19;1700 UTC;0;994,5;995,4;994,5;2171,5;27,8;23,1;28,4;25,9;23,9;22,4;81;75;76;134;8,7;4,1;
2023/07/19;1800 UTC;0;994,1;994,5;994;1838,4;26,7;21;28,2;26,7;23,2;21;76;71;71;147;8,9;4,6;
2023/07/19;1900 UTC;0;994,1;994,1;993,9;926,5;25,7;19,7;27,4;25,5;21,8;19,5;71;69;69;162;8,7;4,6;
2023/07/19;2000 UTC;0;994,5;994,5;994,1;540,2;24,6;18,3;26;24,6;20;18,3;69;68;68;135;10,6;4,5;
2023/07/19;2100 UTC;0;994,9;994,9;994,5;51;23,3;17,2;24,6;23,3;18,2;17,2;69;68;69;145;8,3;3,4;
2023/07/19;2200 UTC;0;995,4;995,4;994,9;;22,5;16,9;23,3;22,5;17,2;16,9;70;69;70;146;8,1;2,9;
2023/07/19;2300 UTC;0;996,2;996,2;995,4;;21,8;16,5;22,5;21,8;16,9;16,5;72;70;72;142;6,6;2,5;
2023/07/20;0000 UTC;0;996,5;996,5;996,2;;21,1;16,2;21,8;21,1;16,6;16,2;74;72;74;147;5;1,6;
2023/07/20;0100 UTC;0;996,8;996,8;996,5;;20,4;15,9;21,1;20,4;16,2;15,9;75;74;75;146;3,5;1;
2023/07/20;0200 UTC;0;996,9;996,9;996,7;;20,7;16,4;20,7;20,4;16,5;15,9;77;75;77;142;4,1;2;
2023/07/20;0300 UTC;0;996,9;997;996,8;;20,2;16;20,9;20,2;16,6;16;77;77;77;165;4,1;1,5;
2023/07/20;0400 UTC;0;996,5;996,8;996,5;;18,5;14,7;20,2;18,5;16;14,6;78;77;78;308;2,6;,2;
2023/07/20;0500 UTC;0;996,3;996,5;996,3;;20,1;16,6;20,1;18,5;16,6;14,7;80;78;80;161;3;1,6;
2023/07/20;0600 UTC;0;996,1;996,3;996;;17,7;14,4;20,2;17,7;16,6;14,4;81;80;81;22;3;,8;
2023/07/20;0700 UTC;0;995,9;996,2;995,9;;16,8;13,9;17,8;16,8;14,8;13,8;83;81;83;314;1,8;,5;
2023/07/20;0800 UTC;0;996,1;996,1;995,8;;16,3;13,8;16,8;16,1;14,1;13,4;85;83;85;230;1,3;,7;
2023/07/20;0900 UTC;0;996,1;996,1;995,9;;18,8;16,6;18,8;16,3;16,6;13,8;87;85;87;196;3;1,6;
2023/07/20;1000 UTC;0;996,4;996,4;996,1;165,5;19,8;17,8;19,8;18,8;17,8;16,6;89;87;89;141;3;1,5;
2023/07/20;1100 UTC;,2;997,2;997,2;996,3;517,8;20,3;18,3;20,5;19,8;18,5;17,8;89;88;88;114;4,8;2;
2023/07/20;1200 UTC;0;997,5;997,5;997,1;1642,4;22,9;20,8;23;20,2;21;18,2;89;88;88;123;6;3;
2023/07/20;1300 UTC;0;997,4;997,6;997,3;2363,2;25,6;22,6;25,6;22,9;22,6;20,8;89;84;84;119;9,8;5,4;
2023/07/20;1400 UTC;0;997,1;997,4;997,1;1388,6;25,9;21,6;26,1;24,6;22,6;20,9;84;77;77;135;9,4;4,4;
2023/07/20;1500 UTC;0;996,3;997,1;996,3;1267,4;27;21,4;27;25,3;21,6;20,5;77;71;71;133;9,4;5,4;
2023/07/20;1600 UTC;0;995,5;996,3;995,5;2647;28,5;20,8;28,6;26,6;21,6;20,3;71;63;63;113;12,2;5,3;
2023/07/20;1700 UTC;0;994,6;995,5;994,6;2302,1;27,9;18,8;28,5;27,3;20,4;18,4;63;57;58;116;11,1;5,5;
2023/07/20;1800 UTC;0;994,2;994,6;994,2;1745;27,3;17,3;28,3;26,7;18,8;16,6;58;53;54;123;11,1;5,2;
2023/07/20;1900 UTC;0;994,3;994,4;994,1;1129;26,1;16;27,8;26;17,8;15,8;55;53;54;126;10,1;5,1;
2023/07/20;2000 UTC;0;994,5;994,5;994,3;590,7;25,3;15,3;26,5;25,3;16,4;15,3;54;53;54;131;10,1;3,8;
2023/07/20;2100 UTC;0;994,8;994,8;994,4;44,8;23,7;15,2;25,3;23,7;15,5;15;59;54;59;132;9;3,4;
2023/07/20;2200 UTC;0;995,3;995,3;994,8;;22,5;14,9;23,7;22,5;15,1;14,9;62;59;62;133;7,3;2,5;
2023/07/20;2300 UTC;0;995,7;995,7;995,3;;22;15,1;22,5;22;15,1;14,8;65;62;65;133;4,7;2,4;
2023/07/21;0000 UTC;0;996;996;995,7;;21,4;15,4;22;21,4;15,4;14,9;69;65;69;148;4,2;1,4;
2023/07/21;0100 UTC;0;996;996,1;996;;21,2;16;21,4;21,2;16;15,3;72;69;72;140;3,3;1,7;
2023/07/21;0200 UTC;0;995,9;996;995,9;;21,6;17,1;21,7;21,2;17,1;16;76;72;76;135;4,8;2,6;
2023/07/21;0300 UTC;0;995,7;996,1;995,7;;20,8;16,8;21,6;20,8;17,1;16,8;78;76;78;141;5,4;2,3;
2023/07/21;0400 UTC;0;995,3;995,7;995,3;;20,3;16,7;20,8;20,2;16,8;16,5;80;78;80;150;5,1;1,6;
2023/07/21;0500 UTC;0;994,8;995,3;994,8;;20,4;17,2;20,5;20,3;17,2;16,8;82;80;82;156;4,3;1,8;
2023/07/21;0600 UTC;0;994,4;994,8;994,4;;20,4;17,7;20,5;20,3;17,7;17,2;84;82;84;154;4,3;1,7;
2023/07/21;0700 UTC;0;994,4;994,4;994,3;;20,1;17,8;20,5;20,1;17,9;17,7;87;84;87;132;4,4;1,4;
2023/07/21;0800 UTC;0;994,3;994,4;994,3;;19,9;18;20,1;19,9;18;17,8;89;87;89;147;3,6;1,5;
2023/07/21;0900 UTC;0;994,5;994,6;994,3;;20;18,3;20,1;19,9;18,3;18;90;89;90;149;3,5;1,6;
2023/07/21;1000 UTC;0;995;995;994,5;239,9;20,8;19,2;20,8;20;19,2;18,3;91;90;91;174;3,1;1,7;
2023/07/21;1100 UTC;0;995,8;995,8;995;985,4;22,7;20,9;22,7;20,8;21;19,3;91;90;90;133;6,1;2,7;
2023/07/21;1200 UTC;0;996,3;996,3;995,7;1579;24,2;21,9;24,3;22,7;21,9;20,9;90;87;87;126;7;3,7;
2023/07/21;1300 UTC;0;996,3;996,3;996,2;2253,5;26,5;22,9;26,6;24,2;23;21,7;87;80;80;102;10,5;4,8;
2023/07/21;1400 UTC;0;996;996,3;995,9;2538,9;27,4;22,1;28;25,9;23,2;21,6;80;73;73;114;11,7;5,3;
2023/07/21;1500 UTC;0;995,3;995,9;995,3;3014,1;27,9;20,8;29;27,3;22,9;20,6;73;65;65;119;11,3;4,9;
2023/07/21;1600 UTC;0;994,3;995,2;994,2;1897,3;27,5;18,9;29;27,2;20,9;18,9;65;59;59;122;10,5;4,9;
2023/07/21;1700 UTC;0;993,4;994,3;993,4;2445,2;28,4;18,1;29,2;27,1;19,8;18,1;59;54;54;113;10,6;5,9;
2023/07/21;1800 UTC;0;992,9;993,4;992,9;1831,8;28,7;17,7;29,1;27,7;18,5;16,8;54;51;52;108;10,9;5,1;
2023/07/21;1900 UTC;0;993,2;993,2;992,8;1038,7;26,1;15,9;28,7;26,1;17,5;15,8;53;51;53;116;10,1;5,4;
2023/07/21;2000 UTC;0;993,8;993,8;993,1;558;24,6;16,4;26,8;24,4;16,8;15;60;53;60;89;10,4;4,2;
2023/07/21;2100 UTC;0;994,2;994,2;993,8;25,9;21,4;15,4;24,6;21,4;16,4;14,1;69;60;69;95;10,5;2,1;
2023/07/21;2200 UTC;0;994,2;994,3;994,1;;21,4;16,4;21,5;21,4;16,4;15,4;74;69;74;94;5;2,1;
2023/07/21;2300 UTC;0;994,5;994,5;994,2;;21,4;17,2;21,5;21,4;17,2;16,5;77;74;77;115;4,5;1,7;
2023/07/22;0000 UTC;0;995;995;994,5;;21,2;17,6;21,4;21,1;17,6;17,2;80;77;80;124;3,3;1,1;
2023/07/22;0100 UTC;0;995;995,1;994,9;;21,5;18,4;21,5;21,1;18,4;17,6;83;80;83;134;2,2;1,2;
2023/07/22;0200 UTC;0;995,3;995,3;995;;21,6;18,8;21,6;21,5;18,8;18,4;84;83;84;146;3;1,6;
2023/07/22;0300 UTC;0;995,1;995,3;995,1;;21,2;18,8;21,6;21,2;18,9;18,7;86;84;86;174;4,5;1,4;
2023/07/22;0400 UTC;0;994,6;995,1;994,6;;21,2;19;21,2;21,1;19;18,8;87;86;87;174;2,4;,8;
2023/07/22;0500 UTC;0;994,1;994,7;994,1;;20,9;18,9;21,2;20,8;19;18,8;88;87;88;167;3,9;1,5;
2023/07/22;0600 UTC;0;993,6;994,1;993,6;;20,6;18,7;20,9;20,6;19;18,7;89;88;89;170;3,1;1,3;
2023/07/22;0700 UTC;0;993,7;993,7;993,6;;20,4;18,6;20,6;20,4;18,7;18,6;90;89;89;172;2,6;1;
2023/07/22;0800 UTC;0;993,9;993,9;993,6;;20,4;18,7;20,4;20,3;18,8;18,5;90;89;90;183;2,9;1,5;
2023/07/22;0900 UTC;0;994;994;993,8;;19,7;18,2;20,4;19,7;18,8;18,2;91;90;91;189;2,9;,6;
2023/07/22;1000 UTC;0;994,2;994,2;993,9;202,3;20,7;19,4;20,7;19,5;19,4;18;92;91;92;162;2,1;,9;
2023/07/22;1100 UTC;0;995;995;994,2;927,4;22,6;21;22,6;20,7;21;19,4;92;91;91;115;3,4;1,9;
2023/07/22;1200 UTC;0;995,4;995,5;995;1545;24,1;21,8;24,6;22,5;22,5;20,9;91;87;87;105;7,1;3,7;
2023/07/22;1300 UTC;0;995,3;995,5;995,2;1623,3;25,3;22,2;25,7;23,9;22,7;21,6;87;82;83;94;8,1;4,4;
2023/07/22;1400 UTC;0;995;995,3;994,9;2200,5;25,4;21,1;27;25,3;23,3;21,1;83;77;77;96;8,1;3,8;
2023/07/22;1500 UTC;0;994,5;995,1;994,5;844;23,1;19,2;25,4;22,9;21;19;79;77;79;130;7,5;2,8;
2023/07/22;1600 UTC;0;993,4;994,6;993,4;2014,3;26,9;21,9;27,1;23,1;22,4;19,2;79;74;74;114;8,1;4,7;
2023/07/22;1700 UTC;0;992,7;993,4;992,7;2186,7;27,2;21,2;28,4;26,9;22,6;20,8;74;69;69;151;9,5;3,7;
2023/07/22;1800 UTC;0;992,1;992,7;992,1;1954,3;27,9;20,1;28,6;27;22;20,1;70;63;63;115;9,5;4,7;
2023/07/22;1900 UTC;0;992,3;992,4;992;1007,3;26,7;18,9;28,4;26,3;20,6;18,4;63;61;62;143;8,6;3,3;
2023/07/22;2000 UTC;0;992,7;992,7;992,3;310,3;25,2;17,3;26,7;25,2;19;17,3;63;61;61;134;7,6;3,2;
2023/07/22;2100 UTC;0;993,1;993,2;992,7;29,7;23,4;16,9;25,2;23,4;17,2;16,6;67;61;67;137;6,7;3;
2023/07/22;2200 UTC;0;993,6;993,6;993,1;;22,7;17;23,4;22,7;17,1;16,9;70;67;70;129;6,8;2;
2023/07/22;2300 UTC;0;994,2;994,2;993,6;;21,9;16,8;22,7;21,9;17;16,8;73;70;73;119;4,3;1,8;
2023/07/23;0000 UTC;0;994,7;994,7;994,2;;21,3;16,7;21,9;21,3;16,8;16,7;75;73;75;129;3,7;1,3;
2023/07/23;0100 UTC;0;994,9;994,9;994,7;;20,9;16,7;21,3;20,8;16,8;16,6;77;75;77;137;2,6;1,3;
2023/07/23;0200 UTC;0;994,9;995;994,9;;21,2;17,4;21,2;20,8;17,4;16,7;79;77;79;160;4;1,6;
2023/07/23;0300 UTC;0;994,8;994,9;994,8;;20,4;17,1;21,2;20,4;17,5;17,1;81;79;81;199;3,1;,6;
2023/07/23;0400 UTC;0;994,4;994,9;994,4;;20,8;17,8;20,9;20,4;17,9;17;83;81;83;207;2,9;1,6;
2023/07/23;0500 UTC;0;994;994,4;993,9;;20,4;17,7;20,9;20,4;18;17,7;85;83;85;212;3,4;1,2;
2023/07/23;0600 UTC;0;993,7;994;993,7;;20,3;17,9;20,4;20;17,9;17,4;86;85;86;175;3,3;1,7;
2023/07/23;0700 UTC;0;993,7;993,7;993,5;;20,3;18,3;20,4;20,2;18,3;17,9;88;86;88;188;3,8;2;
2023/07/23;0800 UTC;0;993,9;993,9;993,7;;20,2;18,5;20,3;20,2;18,5;18,3;90;88;90;186;3,6;1,5;
2023/07/23;0900 UTC;1;994,2;994,2;993,8;;20;18,6;20,2;20;18,6;18,4;91;90;91;186;3,9;1,7;
2023/07/23;1000 UTC;0;994,5;994,6;994,1;102,2;20,4;19,2;20,4;20;19,2;18,5;93;91;93;185;2,9;1;
2023/07/23;1100 UTC;0;995,4;995,4;994,5;600,7;21;20;21,1;20,4;20,1;19,3;94;93;94;188;3;1,9;
2023/07/23;1200 UTC;0;995,8;995,8;995,4;1290;22,3;21,2;22,5;20,8;21,3;19,8;94;93;93;141;3,7;1,9;
2023/07/23;1300 UTC;0;995,7;995,8;995,7;1382,3;24,6;23,2;24,6;22,3;23,2;21,1;94;92;92;96;4,9;2,5;
2023/07/23;1400 UTC;0;995,3;995,7;995,3;2595,6;26,1;23,5;26,7;24,4;24,6;22,9;92;86;86;109;8,1;4;
2023/07/23;1500 UTC;0;994,6;995,3;994,5;2220,1;26,8;23,1;27;25,7;23,6;22,7;86;80;80;110;9,9;4,3;
2023/07/23;1600 UTC;0;993,8;994,5;993,8;1969,5;26,6;21,8;27,3;26,4;23,5;21,8;80;75;75;108;9,9;4,2;
2023/07/23;1700 UTC;0;993,2;993,9;993,1;1689;27;21,4;28;25,1;22,7;20,4;77;72;72;122;8,2;3,7;
2023/07/23;1800 UTC;0;993,2;993,2;992,8;1350,3;23,5;17;27,8;23,5;21,8;17;72;66;67;81;9,2;5,8;
2023/07/23;1900 UTC;0;993,1;993,3;992,9;826;25,2;19,4;25,5;22,6;20,1;16,6;73;67;70;116;9,2;4,3;
2023/07/23;2000 UTC;0;993,7;993,7;993,1;442,7;25,2;18,9;26,1;24,8;20,1;18,8;70;68;68;110;8,4;2,4;
2023/07/23;2100 UTC;0;994,3;994,3;993,7;40,1;23,7;17,3;25,2;23,7;18,9;17,3;68;67;67;107;8,3;1,8;
2023/07/23;2200 UTC;0;994,8;994,8;994,3;;22,6;16,7;23,7;22,6;17,3;16,7;69;67;69;114;4,1;2,1;
2023/07/23;2300 UTC;0;995,3;995,3;994,8;;21,9;16,5;22,6;21,9;16,7;16,4;71;69;71;130;3,5;1,5;
2023/07/24;0000 UTC;0;995,6;995,6;995,3;;21,5;16,6;22;21,5;16,7;16,4;74;71;74;133;4,2;1,7;
2023/07/24;0100 UTC;0;995,6;995,6;995,5;;21,3;17;21,5;21,3;17;16,6;76;74;76;138;3,3;1,6;
2023/07/24;0200 UTC;0;995,6;995,6;995,5;;21,1;17,3;21,3;21;17,3;17;79;76;79;141;3;1,6;
2023/07/24;0300 UTC;0;995,3;995,6;995,3;;20,7;17,5;21,1;20,6;17,5;17,3;82;79;82;153;2,9;1,7;
2023/07/24;0400 UTC;0;994,8;995,3;994,8;;19,9;16,9;20,8;19,9;17,7;16,9;84;82;83;143;3,2;,7;
2023/07/24;0500 UTC;0;994,1;994,8;994,1;;18,3;15,8;19,9;18,3;16,9;15,8;85;83;85;239;1,4;,6;
2023/07/24;0600 UTC;0;993,9;994,1;993,8;;18,4;16,2;18,4;18,1;16,2;15,7;87;85;87;239;1,2;,3;
2023/07/24;0700 UTC;0;993,9;993,9;993,8;;18,5;16,5;18,6;18,2;16,5;16,1;89;87;89;210;1,6;,7;
2023/07/24;0800 UTC;0;993,9;994;993,8;;19,6;17,9;19,6;18,4;17,9;16,5;90;89;90;212;2,4;1;
2023/07/24;0900 UTC;0;994,2;994,2;993,9;;19,6;18,2;19,6;19,5;18,2;17,9;92;90;92;221;2,4;1;
2023/07/24;1000 UTC;0;994,6;994,6;994,2;95,3;19,7;18,6;19,7;19,5;18,6;18,2;93;92;93;223;2,3;1,1;
2023/07/24;1100 UTC;0;995,1;995,1;994,6;599,4;20,3;19,4;20,6;19,7;19,8;18,6;95;93;95;206;2,7;1,3;
2023/07/24;1200 UTC;0;995,6;995,6;995;937,8;22,1;21,3;22,1;20,3;21,3;19,4;96;95;95;202;3,8;2,5;
2023/07/24;1300 UTC;0;995,6;995,7;995,6;1273,8;23,7;22,6;23,8;22,1;22,8;21,1;96;93;93;165;4,5;2;
2023/07/24;1400 UTC;0;994,8;995,6;994,8;1608,7;25,5;23,7;25,9;23,6;24,3;22,5;94;89;90;107;7,7;3,8;
2023/07/24;1500 UTC;,2;994,1;994,8;994,1;1154,9;25,7;22,8;25,7;25;23,7;22,3;90;84;84;148;7,7;3,5;
2023/07/24;1600 UTC;0;993,3;994,2;993,2;1887,1;26,5;22,7;27,2;25,3;24,1;22,2;84;80;80;148;7,7;4,2;
2023/07/24;1700 UTC;0;992,6;993,3;992,6;1520,3;26,1;21,2;27,6;26,1;23,7;21,2;80;75;75;139;9,5;4,2;
2023/07/24;1800 UTC;0;992,2;992,6;992,2;858,4;26,1;20,4;26,9;25,9;21,8;20,3;75;71;71;138;9,5;3,9;
2023/07/24;1900 UTC;0;992,1;992,2;991,9;995,4;26,4;19,7;27,1;25,5;20,9;18,8;71;67;67;129;8,2;4,5;
2023/07/24;2000 UTC;0;992,4;992,5;992;544,4;24,7;17,7;26,5;24,7;19,8;17,7;67;64;65;151;9,4;3,5;
2023/07/24;2100 UTC;0;992,9;992,9;992,4;59,3;23,1;16,8;24,7;23,1;17,7;16,8;67;65;67;158;7,8;2,8;
2023/07/24;2200 UTC;0;993,3;993,3;992,8;;22,5;17;23,2;22,5;17;16,8;71;67;71;164;6,4;2,6;
2023/07/24;2300 UTC;0;993,9;993,9;993,3;;22,1;17,2;22,6;22;17,4;17;74;71;74;144;6,6;2,9;
2023/07/25;0000 UTC;0;994,2;994,2;993,9;;21,6;17,2;22,1;21,6;17,4;17,2;76;74;76;150;6,3;2,7;
2023/07/25;0100 UTC;,2;994,4;994,4;994,2;;21,2;17,4;21,7;21,2;17,4;17,2;79;76;79;155;6;2,5;
2023/07/25;0200 UTC;0;994,2;994,4;994,1;;20,9;17,5;21,2;20,9;17,7;17,4;81;79;81;159;7,5;3,1;
2023/07/25;0300 UTC;,2;993,9;994,2;993,9;;20,4;17,3;20,9;20,4;17,7;17,3;83;81;83;177;5,7;2,3;
2023/07/25;0400 UTC;0;993,2;993,9;993,1;;19,9;17,2;20,4;19,9;17,3;17,1;84;83;84;199;4,2;1,1;
2023/07/25;0500 UTC;0;992,4;993,1;992,4;;19,8;17,4;20;19,8;17,5;17,2;86;84;86;208;3,6;1,7;
2023/07/25;0600 UTC;0;992;992,4;992;;19,4;17,4;19,8;19,4;17,5;17,4;88;86;88;202;4,4;1,8;
2023/07/25;0700 UTC;0;991,9;992;991,9;;19;17,2;19,4;19;17,4;17,2;89;88;89;211;4,6;1,6;
2023/07/25;0800 UTC;0;992,4;992,4;992;;18,9;17,3;19;18,8;17,3;17,2;91;89;91;183;4,6;2,1;
2023/07/25;0900 UTC;0;992,4;992,5;992,2;;18,8;17,3;18,9;18,8;17,4;17,3;91;91;91;180;5,5;2,3;
2023/07/25;1000 UTC;0;992,7;992,7;992,4;139,7;19,3;17,9;19,3;18,7;17,9;17,2;92;91;92;181;4,5;1,8;
2023/07/25;1100 UTC;0;993,2;993,3;992,7;958,4;20,8;19,4;20,8;19,3;19,4;17,9;92;91;91;186;5,2;2,9;
2023/07/25;1200 UTC;0;993,6;993,6;993,2;1177,3;21,9;20,2;21,9;20,5;20,4;19;92;90;91;177;5,2;2,7;
2023/07/25;1300 UTC;0;993,9;993,9;993,6;997,7;22,6;20,7;22,7;21,8;20,9;20,2;91;89;89;168;5,3;2,2;
2023/07/25;1400 UTC;0;993,3;993,9;993,3;1248,1;23,9;21,7;24;21,9;21,9;19,9;89;87;87;168;6,3;2,6;
2023/07/25;1500 UTC;0;992,3;993,3;992,3;1385,9;24,9;22;24,9;23,8;22,1;21,2;87;84;84;111;5,1;1,4;
2023/07/25;1600 UTC;0;991,4;992,3;991,4;1479,7;24,9;21,2;26,2;24,8;23;21,2;84;80;80;139;6,7;3,1;
2023/07/25;1700 UTC;0;990,7;991,4;990,7;1878,2;25,8;21,6;26,1;24,7;22,4;20,7;80;78;78;117;6,7;3,5;
2023/07/25;1800 UTC;0;990,3;990,7;990,3;1599;26,1;21,3;26,7;25,7;22,4;21;78;75;75;127;6,4;3,2;
2023/07/25;1900 UTC;0;990,2;990,3;990,1;1103,6;25,7;20,3;26,7;25,3;21,9;20,1;75;72;72;128;7,5;3,4;
2023/07/25;2000 UTC;0;990,5;990,5;990,2;548;24,9;19,4;25,8;24,9;20,5;19,4;73;71;71;129;6,9;3,3;
2023/07/25;2100 UTC;0;990,8;990,8;990,5;53,5;23,3;18,2;24,9;23,3;19,4;18,2;73;71;73;144;6,3;2,1;
2023/07/25;2200 UTC;0;991,4;991,4;990,8;;22,7;18,2;23,3;22,7;18,3;18,2;76;73;76;147;5,9;3,1;
2023/07/25;2300 UTC;0;991,8;991,8;991,4;;22,2;18,3;22,7;22,2;18,3;18,2;79;76;79;139;5,9;2,2;
2023/07/26;0000 UTC;0;992,3;992,3;991,8;;21,6;18,3;22,2;21,6;18,4;18,3;81;79;81;115;5;2;
2023/07/26;0100 UTC;0;992,3;992,5;992,2;;21,1;18,3;21,6;21,1;18,4;18,3;84;81;84;124;3,8;1,3;
2023/07/26;0200 UTC;0;992,3;992,4;992,3;;20,1;17,6;21,1;20,1;18,3;17,6;86;84;86;99;2,7;,4;
2023/07/26;0300 UTC;0;992;992,4;992;;19,2;17,1;20,4;19,2;18,2;17,1;87;86;87;85;2,2;,4;
2023/07/26;0400 UTC;0;991,5;992;991,5;;18,5;16,6;19,6;18,5;17,6;16,6;89;87;89;36;1,5;,4;
2023/07/26;0500 UTC;0;991,1;991,5;991,1;;17,9;16,2;18,6;17,9;16,8;16,2;90;89;90;263;,9;,5;
2023/07/26;0600 UTC;0;991,1;991,2;991;;18,2;16,8;18,2;17,8;16,8;16,1;91;90;91;281;,9;,5;
2023/07/26;0700 UTC;0;991,2;991,2;991;;18,4;17,1;18,9;18;17,5;16,6;92;91;92;241;1,6;,6;
2023/07/26;0800 UTC;0;991,4;991,4;991,2;;19,2;18,2;19,4;18,4;18,2;17,1;93;92;93;202;1,6;,8;
2023/07/26;0900 UTC;,2;992;992;991,4;;19,2;18,4;19,3;18,9;18,4;17,9;95;93;95;292;1,5;,3;
2023/07/26;1000 UTC;0;992,4;992,5;992;131,3;20,2;19,7;20,2;19,2;19,7;18,4;97;95;97;195;2;1,3;
2023/07/26;1100 UTC;0;992,9;992,9;992,4;829,9;21,6;21,2;21,6;20,2;21,2;19,6;98;97;97;132;2,7;1,6;
2023/07/26;1200 UTC;0;993,4;993,5;992,9;1543,7;24,3;23,6;24,3;21,6;23,6;21,3;98;95;96;100;5,3;3;
2023/07/26;1300 UTC;0;993,4;993,5;993,4;1594,8;24,8;23,3;25,7;23,8;24,4;22,6;96;91;92;81;7,5;4,2;
2023/07/26;1400 UTC;0;992,9;993,5;992,9;2252,7;26,8;24,6;27,1;24,7;25,4;22,5;93;88;88;73;8,7;3,2;
2023/07/26;1500 UTC;0;992,1;992,9;992,1;3026,9;28,2;24,6;28,5;26,7;25,4;23,9;88;81;81;103;7,7;3,6;
2023/07/26;1600 UTC;0;991,3;992,1;991,3;1944,5;28,8;24,2;28,8;26,7;24,7;22,6;81;76;76;110;8,9;4,2;
2023/07/26;1700 UTC;0;990,3;991,3;990,3;2723,9;28,9;23;29,3;28,1;24,2;22,7;76;70;71;66;8,9;3,8;
2023/07/26;1800 UTC;0;990,1;990,4;989,9;1476;27,6;21,4;29,5;26,8;23,6;20,7;71;68;69;139;8,9;3,7;
2023/07/26;1900 UTC;0;990,2;990,2;989,9;1228,7;27,9;20,3;28,1;27;21,4;20,2;69;63;63;104;8,4;4,5;
2023/07/26;2000 UTC;0;990,5;990,5;990,1;606;26,8;18,6;28,1;26,7;20,3;18,5;63;61;61;115;8,4;3,6;
2023/07/26;2100 UTC;0;990,8;990,8;990,4;61,1;24,7;17,1;26,8;24,7;18,5;17,1;63;60;63;133;7,6;3,6;
2023/07/26;2200 UTC;0;991,5;991,5;990,8;;23,4;16,8;24,7;23,4;17,1;16,7;66;63;66;130;6,4;2,8;
2023/07/26;2300 UTC;0;992,3;992,4;991,5;;22,2;16,5;23,4;22,2;16,8;16,5;70;66;70;139;5,3;2,4;
2023/07/27;0000 UTC;0;992,8;992,8;992,3;;21,6;16,6;22,2;21,6;16,6;16,5;73;70;73;136;5;1,8;
2023/07/27;0100 UTC;0;993,1;993,1;992,8;;21,3;16,9;21,6;21,2;16,9;16,5;76;73;76;147;3,8;1,7;
2023/07/27;0200 UTC;0;993,2;993,2;993,1;;21,8;17,7;21,9;21,3;17,7;16,9;78;76;78;149;4,4;1,7;
2023/07/27;0300 UTC;0;992,9;993,2;992,9;;22,1;18,3;22,1;21,8;18,3;17,7;79;78;79;152;4;1,4;
2023/07/27;0400 UTC;0;992,4;992,9;992,4;;22,3;18,7;22,3;22,1;18,7;18,3;80;79;80;171;4,8;1,6;
2023/07/27;0500 UTC;0;992,3;992,6;992,3;;21,6;18,2;22,3;21,5;18,7;18,1;81;80;81;156;4,8;1,8;
2023/07/27;0600 UTC;0;992;992,3;992;;20,9;17,8;21,6;20,8;18,2;17,7;83;81;83;178;4,5;1,5;
2023/07/27;0700 UTC;0;992;992;991,9;;20,9;18,3;21;20,8;18,3;17,8;85;83;85;170;4,4;1,5;
2023/07/27;0800 UTC;1,6;992,2;992,3;992;;20,6;18,5;20,9;20,6;18,6;18,3;88;85;88;188;5,8;3,2;
2023/07/27;0900 UTC;2,6;992,5;992,5;992,1;;20,6;18,8;20,7;20,5;18,8;18,4;90;87;90;177;6,1;1,9;
2023/07/27;1000 UTC;1,6;992,8;992,8;992,4;52,9;20,5;19,1;20,6;20,5;19,1;18,8;91;90;91;188;5;2,3;
2023/07/27;1100 UTC;1,2;993,6;993,6;992,8;200;20,7;19,5;20,8;20,5;19,6;19,1;93;91;93;190;4,9;2,6;
2023/07/27;1200 UTC;3;994,3;994,3;993,6;435,3;20,9;20;21,2;20,6;20,3;19,5;95;93;94;206;4,7;2,1;
2023/07/27;1300 UTC;2,4;994,1;994,3;994,1;802,1;21,2;20,6;21,5;20,9;20,8;20,1;96;94;96;186;4,9;2,9;
2023/07/27;1400 UTC;1,8;993,5;994,1;993,5;1104,4;21,6;21,2;21,8;21,2;21,5;20,6;98;96;98;209;5,3;3,2;
2023/07/27;1500 UTC;0;992,6;993,5;992,6;2040,3;23,5;23,5;23,5;21,6;23,5;21,2;100;98;100;213;5,3;2,5;
2023/07/27;1600 UTC;0;991,7;992,6;991,7;2682,5;25,5;25;25,5;23,1;25;22,8;100;96;98;220;5,4;2,4;
2023/07/27;1700 UTC;0;990,6;991,7;990,6;1980,8;25,2;23,9;25,7;24,7;25,2;23,4;98;92;93;207;6;3,4;
2023/07/27;1800 UTC;0;990,5;990,7;990,5;2044,7;25,1;23,4;26;25;24,7;23,3;93;90;90;199;7,2;3,5;
2023/07/27;1900 UTC;0;990,8;990,8;990,4;562,2;23,5;21,6;25,1;23,5;23,3;21,6;90;89;89;147;6,6;2,9;
2023/07/27;2000 UTC;,4;991,1;991,2;990,8;157,7;22,8;21,2;23,5;22,7;21,5;21,1;91;89;91;147;5,8;1,8;
2023/07/27;2100 UTC;0;991,4;991,4;991,1;16,4;22,8;21,5;22,9;22,7;21,5;21,2;92;91;92;153;4;2,2;
2023/07/27;2200 UTC;,2;991,6;991,6;991,3;;22,3;21,2;22,9;22,3;21,6;21,1;93;92;93;165;4,9;2,3;
2023/07/27;2300 UTC;0;992,5;992,5;991,6;;22,4;21,5;22,4;22,3;21,5;21,2;95;93;95;184;4,4;1,6;
2023/07/28;0000 UTC;0;992,9;992,9;992,5;;22,1;21,4;22,4;22,1;21,5;21,3;96;95;96;154;3,2;1,4;
2023/07/28;0100 UTC;0;993;993,1;992,9;;22;21,5;22,1;22;21,5;21,4;97;96;97;149;3,4;1,5;
2023/07/28;0200 UTC;0;993,1;993,2;993;;21,6;21,4;22;21,6;21,5;21,4;99;97;99;128;3;1,2;
2023/07/28;0300 UTC;0;992,9;993,1;992,8;;21,3;21,3;21,6;21,3;21,4;21,3;100;99;100;139;2,1;1;
2023/07/28;0400 UTC;0;992,4;992,9;992,4;;21,5;;21,5;21,2;21,5;21,2;100;100;;129;2,2;1;
2023/07/28;0500 UTC;0;991,9;992,4;991,9;;21,5;;21,5;21,2;;;;;;130;2;,8;
2023/07/28;0600 UTC;0;991,6;991,9;991,6;;21,5;;21,6;21,4;;;;;;121;2,9;1,6;
2023/07/28;0700 UTC;0;991,9;991,9;991,6;;21,3;;21,5;21,2;;;;;;127;3,3;1,2;
2023/07/28;0800 UTC;0;992,4;992,4;991,9;;21,4;;21,4;21,1;;;;;;116;3;1,4;
2023/07/28;0900 UTC;0;993;993;992,4;;21,3;;21,5;21,3;;;;;;78;2,9;,7;
2023/07/28;1000 UTC;0;993,6;993,6;993;130,2;21,6;;21,7;21,3;;;;;;120;3,6;1,7;
2023/07/28;1100 UTC;0;994;994;993,6;344,3;22,2;;22,2;21,5;;;;;;112;4,2;2,3;
2023/07/28;1200 UTC;0;994,7;994,7;994;708,1;22,8;;22,8;22,2;;;;;;90;5,1;2,2;
2023/07/28;1300 UTC;,6;994,9;994,9;994,7;1014,6;22,7;;23,4;22;;;;;;104;6,1;3,2;
2023/07/28;1400 UTC;1,6;994,3;994,9;994,3;1098,3;23,2;;23,2;22,5;;;;;;97;6,1;2,6;
2023/07/28;1500 UTC;,6;993,8;994,3;993,8;1085,7;22,4;;23,4;22;;;;;;117;8,9;3,9;
2023/07/28;1600 UTC;,6;993;993,8;993;1361;22,5;;22,7;21,7;;;;;;105;8,9;4;
2023/07/28;1700 UTC;0;992,2;993,1;992,2;1383,2;23,6;;23,7;22,3;;;;;;141;7,5;2,4;
2023/07/28;1800 UTC;0;991,6;992,2;991,5;1393,2;24,8;;25,1;23,4;;;;;;129;6;3,3;
2023/07/28;1900 UTC;,6;992;992;991,5;491,7;22,4;;24,8;22,4;;;;;;119;7,1;2,3;
2023/07/28;2000 UTC;0;991,9;992;991,9;222,8;22,5;;22,6;22,3;;;;;;143;4,9;1,1;
2023/07/28;2100 UTC;0;992,1;992,1;991,9;45,9;22,5;;22,6;22,4;;;;;;148;5;2,3;
2023/07/28;2200 UTC;0;992,7;992,7;992;;22;;22,6;22;;;;;;118;5;1,9;
2023/07/28;2300 UTC;0;993,3;993,3;992,7;;22;;22;22;;;;;;115;3,8;1;
2023/07/29;0000 UTC;0;993,7;993,8;993,3;;21,9;;22,1;21,9;;;;;;134;2,5;1,3;
2023/07/29;0100 UTC;0;993,9;993,9;993,7;;21,9;;22;21,9;;;;;;142;2,5;,7;
2023/07/29;0200 UTC;0;994,2;994,2;993,9;;21,8;;22;21,8;;;;;;212;2,4;1,1;
2023/07/29;0300 UTC;0;993,5;994,2;993,5;;21,6;;21,8;21,6;;;;;;233;2,4;,8;
2023/07/29;0400 UTC;0;992,8;993,5;992,8;;21,4;;21,6;21,3;;;;;;254;1,9;,7;
2023/07/29;0500 UTC;0;992,3;992,8;992,3;;21,5;;21,5;21,3;;;;;;223;1,9;,9;
2023/07/29;0600 UTC;,2;992;992,3;992;;21,2;;21,5;21,2;;;;;;208;3,2;1,8;
2023/07/29;0700 UTC;,2;991,9;992;991,6;;21,2;;21,3;21,2;;;;;;229;3,2;,9;
2023/07/29;0800 UTC;0;992,3;992,3;991,9;;21,1;;21,2;21,1;;;;;;213;2;1,2;
2023/07/29;0900 UTC;,2;992,7;992,7;992,4;;20,8;;21,1;20,8;;;;;;230;2,4;1;
2023/07/29;1000 UTC;0;993;993;992,7;126;21,1;;21,2;20,8;;;;;;259;2,3;,5;
2023/07/29;1100 UTC;0;993,6;993,6;993;427,4;21,9;;22;21,1;;;;;;276;1,5;,6;
2023/07/29;1200 UTC;0;994;994;993,6;944,4;22,9;;23,1;21,7;;;;;;94;2,8;1,3;
2023/07/29;1300 UTC;0;993,9;994,1;993,9;1230,7;24,2;;24,2;22,8;;;;;;56;2,8;1,2;
2023/07/29;1400 UTC;0;993,5;994;993,5;2016,5;25,5;;26,3;24,2;;;;;;139;4,3;2,1;
2023/07/29;1500 UTC;0;992,5;993,5;992,5;1867,7;26,9;;27,5;25,4;;;;;;137;4,3;1,1;
2023/07/29;1600 UTC;0;991,4;992,5;991,4;2232,4;27,9;26,9;28;26,5;27,8;26,5;100;94;94;99;4,1;1,9;
2023/07/29;1700 UTC;,2;990,6;991,4;990,6;1644,3;27,5;25,1;28,5;27,2;27;25,1;94;87;87;133;3,7;1,9;
2023/07/29;1800 UTC;0;990,1;990,6;990,1;1412,7;27,1;23,9;28,9;27,1;26,1;23,8;87;82;82;96;4;2;
2023/07/29;1900 UTC;0;990,4;990,4;990,1;1177,7;28,1;23,8;28,7;27,1;24,9;23,2;82;78;78;146;4,9;2,3;
2023/07/29;2000 UTC;0;991;991;990,4;570;25,9;21,9;28,1;25,9;23,7;21,9;79;77;78;142;7;3,1;
2023/07/29;2100 UTC;0;991,7;991,7;991;62,4;24,1;20,5;25,9;24,1;21,8;20,5;80;78;80;127;6,2;2,8;
2023/07/29;2200 UTC;0;992,4;992,4;991,7;;23,2;20,2;24,1;23,2;20,5;20,2;83;80;83;137;6;2,6;
2023/07/29;2300 UTC;0;993,1;993,1;992,4;;22,5;20;23,2;22,5;20,2;20;86;83;86;101;5,3;2,4;
2023/07/30;0000 UTC;0;993,8;993,8;993,1;;21,7;19,7;22,5;21,7;20;19,7;88;86;88;95;4,8;1,7;
2023/07/30;0100 UTC;0;994,1;994,2;993,8;;21,5;19,9;21,7;21,4;19,9;19,6;91;88;91;111;3,6;2;
2023/07/30;0200 UTC;0;994,3;994,4;994,1;;21,2;20;21,5;21,2;20,1;19,9;93;91;93;111;4,2;2,2;
2023/07/30;0300 UTC;0;994,2;994,4;994,2;;20,9;20,1;21,2;20,9;20,1;20;95;93;95;126;4,2;1,4;
2023/07/30;0400 UTC;0;993,8;994,2;993,7;;20,6;20,1;20,9;20,6;20,2;20;97;95;97;119;2,7;,9;
2023/07/30;0500 UTC;0;993,1;993,8;993,1;;20,1;20,1;20,6;19,9;20,3;19,8;100;97;100;102;2,5;,9;
2023/07/30;0600 UTC;0;993;993,1;992,9;;20,1;;20,2;19,7;20,1;19,7;100;100;;122;2,4;1;
2023/07/30;0700 UTC;0;993,1;993,1;992,9;;19,8;;20,1;19,5;;;;;;112;2,4;1,1;
2023/07/30;0800 UTC;0;993,5;993,5;993,1;;19,1;;19,9;19,1;;;;;;99;1,6;,6;
2023/07/30;0900 UTC;0;993,8;993,8;993,4;;18,5;;19,2;18,5;;;;;;127;1,3;,6;
2023/07/30;1000 UTC;0;994,3;994,3;993,8;205,8;20,3;;20,3;18,5;;;;;;140;2;1;
2023/07/30;1100 UTC;0;995,2;995,2;994,3;918,2;22,5;;22,6;20,3;;;;;;128;4,1;2,2;
2023/07/30;1200 UTC;0;995,8;995,9;995,2;1836,5;24,5;;24,9;22,5;;;;;;116;6,7;3,5;
2023/07/30;1300 UTC;0;995,8;996;995,8;1639,3;25,8;25,4;25,9;23,6;25,4;23,6;100;97;97;126;6,7;3,3;
2023/07/30;1400 UTC;0;995,1;995,8;995,1;2964,3;26,9;24,7;26,9;25,4;25,2;24,3;97;87;88;129;8,4;4,3;
2023/07/30;1500 UTC;0;994,3;995,1;994,3;2763,7;27,5;23,6;27,8;26,3;25,1;22,8;88;80;80;146;7,7;4;
2023/07/30;1600 UTC;0;993,2;994,4;993,2;2924,6;27,6;22,4;28,2;27,1;24,2;22,3;80;73;73;137;8,3;3,9;
2023/07/30;1700 UTC;0;992,4;993,2;992,4;2595,3;27,8;20,9;28,3;27,5;22,8;20,8;73;66;66;145;8,5;3,9;
2023/07/30;1800 UTC;0;992,1;992,4;992;2077,9;27,6;19,5;28,1;27,4;21,2;19,4;66;61;61;155;8,4;3,3;
2023/07/30;1900 UTC;0;992,2;992,2;992;1367,7;26,7;18,3;27,6;26,7;19,5;18,3;61;60;60;140;7,9;3,6;
2023/07/30;2000 UTC;0;992,9;992,9;992,2;634,5;25;16,7;26,8;25;18,5;16,7;60;59;60;140;8;4,8;
2023/07/30;2100 UTC;0;993,5;993,5;992,8;73,8;23,5;16;25;23,5;16,7;16;63;60;63;136;8,6;4,3;
2023/07/30;2200 UTC;0;994,1;994,1;993,5;;22,6;16,1;23,5;22,6;16,1;15,8;67;63;67;140;7,4;3,1;
2023/07/30;2300 UTC;0;994,6;994,6;994;;22,1;16,5;22,6;22,1;16,5;16,1;71;67;71;129;7;2,7;
2023/07/31;0000 UTC;0;995,1;995,1;994,5;;21,4;16,7;22,1;21,4;16,7;16,5;74;71;74;133;5;1,9;
2023/07/31;0100 UTC;0;995,5;995,5;995;;21,1;17,1;21,4;21,1;17,1;16,7;78;74;78;132;3,5;1,7;
2023/07/31;0200 UTC;0;995,5;995,6;995,4;;20,9;17,4;21,2;20,9;17,4;17,1;80;78;80;136;3,1;1,5;
2023/07/31;0300 UTC;0;995,3;995,5;995,3;;20,6;17,5;20,9;20,6;17,6;17,3;82;80;82;136;2,6;1,3;
2023/07/31;0400 UTC;0;994,6;995,3;994,6;;20,8;18,1;20,8;20,2;18,1;17,3;85;82;85;159;4,5;2,1;
2023/07/31;0500 UTC;0;994,2;994,6;994,1;;20,8;18,3;21,1;20,8;18,4;18,1;85;85;85;156;4,9;1,4;
2023/07/31;0600 UTC;0;993,7;994,2;993,7;;20,6;18,3;21;20,6;18,6;18,3;87;85;87;192;5,6;2,3;
2023/07/31;0700 UTC;0;993,8;993,9;993,7;;20,2;18,4;20,6;20,2;18,4;18,3;89;87;89;187;6,5;3,5;
2023/07/31;0800 UTC;0;994,1;994,2;993,7;;20,1;18,7;20,2;20;18,7;18,3;91;89;91;186;6,5;1,8;
2023/07/31;0900 UTC;0;994,7;994,7;994,1;;20;19;20,1;20;19;18,7;94;91;94;193;5,4;1,6;
2023/07/31;1000 UTC;0;995,2;995,2;994,7;226,9;20,4;19,7;20,4;20;19,8;19;96;94;96;192;5,7;2,2;
2023/07/31;1100 UTC;0;996;996;995,2;776;21,4;20,8;21,4;20,3;20,8;19,7;97;96;97;186;6,9;3,3;
2023/07/31;1200 UTC;0;996,5;996,6;996;1135;23;22,4;23;21,3;22,4;20,5;97;96;96;179;5,5;2;
2023/07/31;1300 UTC;0;996,4;996,6;996,4;1478,4;23,9;22,7;24,5;22,6;23,5;21,5;97;92;93;153;5,3;3,2;
2023/07/31;1400 UTC;0;995,8;996,5;995,8;1406,1;24,5;22,4;25,3;23,6;23,5;21,9;93;88;88;151;7,3;3,6;
2023/07/31;1500 UTC;0;995,3;995,8;995,3;1758,7;23,7;21,1;25,9;23,4;23,6;20,8;89;85;86;160;8,3;4;
2023/07/31;1600 UTC;0;994,2;995,3;994,2;2296;25,1;22;25,7;23,6;22,9;21,1;87;83;83;159;7,4;3,6;
2023/07/31;1700 UTC;0;993,4;994,2;993,3;1109,4;23,9;20,9;25,6;23,1;22,5;19,8;83;81;83;175;8,9;3,8;
2023/07/31;1800 UTC;0;993,1;993,4;992,9;920,9;23,6;20,3;25,5;23,5;22,5;20,1;84;81;81;155;8,4;3,9;
2023/07/31;1900 UTC;0;993,4;993,4;993,1;666,8;23,8;20,2;24,5;23,6;21,1;20,2;82;80;80;148;8,1;4,1;
2023/07/31;2000 UTC;0;993,7;993,8;993,4;174,9;22,9;19,8;23,8;22,5;20,3;19;82;80;82;140;8,1;3,1;
2023/07/31;2100 UTC;0;994,1;994,1;993,7;45,3;22,5;19,5;22,9;22,5;19,8;19,4;83;82;83;141;6,1;1,7;
2023/07/31;2200 UTC;0;994,3;994,3;994,1;;22,2;19,5;22,7;22,2;19,7;19,5;84;83;84;153;6,6;2,8;
2023/07/31;2300 UTC;0;994,8;994,8;994,3;;21,6;19,2;22,2;21,6;19,4;19,2;86;84;86;185;6;2,6;
2023/08/01;0000 UTC;0;995;995,1;994,7;;21,5;19,4;21,6;21,5;19,5;19,1;88;86;88;178;4,6;2;
2023/08/01;0100 UTC;0;995,2;995,2;995;;21,3;19,5;21,6;21,3;19,5;19,3;89;88;89;177;5,1;2,3;
2023/08/01;0200 UTC;0;995,2;995,2;995,1;;21,1;19,5;21,4;21,1;19,6;19,5;91;89;91;191;4,7;2,3;
2023/08/01;0300 UTC;,2;994,9;995,3;994,9;;21;19,8;21,1;20,9;19,8;19,4;93;91;93;190;5,3;1,8;
2023/08/01;0400 UTC;0;994,1;994,9;994,1;;21;20,2;21;20,9;20,2;19,8;95;93;95;180;4,1;2;
2023/08/01;0500 UTC;,2;993,7;994,1;993,7;;20,9;20,6;21;20,9;20,6;20,2;98;95;98;193;4,3;1,6;
2023/08/01;0600 UTC;,4;993,1;993,7;993,1;;20,9;20,9;21;20,9;21;20,6;100;98;100;184;4,6;2;
2023/08/01;0700 UTC;,4;993,1;993,2;992,9;;20,7;;20,9;20,6;20,9;20,6;100;100;;175;5,5;2;
2023/08/01;0800 UTC;,2;993,4;993,4;993,1;;20,8;;20,9;20,7;;;;;;162;4,9;1,4;
2023/08/01;0900 UTC;,2;993,9;993,9;993,4;;20,8;;20,9;20,7;;;;;;163;4,8;1,9;
2023/08/01;1000 UTC;,8;994,3;994,3;993,9;163;21;;21;20,7;;;;;;159;3,5;1,2;
2023/08/01;1100 UTC;0;995;995;994,3;569;21,8;;21,8;21,1;;;;;;171;4,7;2,3;
2023/08/01;1200 UTC;0;995,4;995,5;994,9;787;22,4;;22,8;21,8;;;;;;138;6,4;2,7;
2023/08/01;1300 UTC;0;995,5;995,6;995,4;1514,1;24;;24,3;22,2;;;;;;153;7,8;3,6;
2023/08/01;1400 UTC;0;995,3;995,5;995,2;1352;24,2;24,2;25,1;23,4;;;;;100;144;8,5;3,9;
2023/08/01;1500 UTC;0;994,6;995,3;994,6;2017,8;25,5;24,8;26;24,1;25,9;24,2;100;96;96;138;7,6;3,2;
2023/08/01;1600 UTC;0;993,7;994,6;993,7;1728,7;25,4;23,7;26,6;25;25,6;23,4;97;90;91;142;8,1;3,7;
2023/08/01;1700 UTC;1,6;992,9;994;992,9;1197,1;23,8;22,8;25,7;22,5;24,1;20,6;94;87;94;153;9;3,4;
2023/08/01;1800 UTC;0;992,7;992,9;992,5;1286,9;23,4;22;25,5;23,1;24,3;21,6;95;90;92;146;8,8;3,3;
2023/08/01;1900 UTC;,8;992,9;993;992,7;376,1;22,5;21,5;23,6;22,4;22,2;21,1;94;92;94;152;7;3,4;
2023/08/01;2000 UTC;0;993,5;993,5;992,9;293,1;22,5;21,9;22,7;22,2;22;21,2;96;94;96;153;6,9;3,5;
2023/08/01;2100 UTC;0;994;994,1;993,5;31,9;22,1;21,7;22,6;22,1;21,9;21,7;97;96;97;145;7,9;3,2;
2023/08/01;2200 UTC;0;994,4;994,4;994;;21,6;21,3;22,2;21,6;21,7;21,3;98;97;98;158;7,7;3,6;
2023/08/01;2300 UTC;0;994,9;994,9;994,4;;21,3;21,1;21,6;21,3;21,3;21,1;99;98;99;156;7,7;3,4;
2023/08/02;0000 UTC;0;995;995,1;994,9;;20,9;20,9;21,3;20,9;21,1;20,7;100;98;100;160;8,1;2,9;
2023/08/02;0100 UTC;,2;995,3;995,3;995;;20,8;20,8;21;20,7;21;20,7;100;100;100;168;6,8;3;
2023/08/02;0200 UTC;0;995;995,3;995;;20,9;;20,9;20,8;;;;;;156;6,7;3;
2023/08/02;0300 UTC;0;994,6;995,1;994,6;;21,1;;21,1;20,9;;;;;;158;5,7;2,1;
2023/08/02;0400 UTC;0;993,9;994,6;993,9;;21,1;;21,1;21;;;;;;166;6,9;2,9;
2023/08/02;0500 UTC;0;993,4;993,9;993,4;;20,8;;21,1;20,7;;;;;;147;6,3;1,8;
2023/08/02;0600 UTC;0;993,2;993,4;993,1;;20,9;;20,9;20,7;;;;;;164;4,2;1,9;
2023/08/02;0700 UTC;0;993;993,2;992,8;;21,1;;21,1;20,9;;;;;;170;4,8;2;
2023/08/02;0800 UTC;0;993,2;993,2;993;;21,2;;21,2;21;;;;;;168;3,7;1,8;
2023/08/02;0900 UTC;0;993,6;993,7;993,2;;20,9;;21,2;20,9;;;;;;200;3,7;1,2;
2023/08/02;1000 UTC;0;994,2;994,2;993,6;182,5;21,3;;21,3;20,7;;;;;;159;3,4;1,4;
2023/08/02;1100 UTC;0;995;995;994,2;812,7;22,7;;22,7;21,3;;;;;;154;6,5;2,3;
2023/08/02;1200 UTC;0;995,5;995,5;995;753,3;23,2;;23,2;22,2;;;;;;131;7,2;3,3;
2023/08/02;1300 UTC;0;995,3;995,5;995,3;1549,8;24,7;;24,7;23,2;;;;;;136;7,3;4;
2023/08/02;1400 UTC;,2;994,9;995,3;994,9;1471,5;24,7;;25,1;22,9;;;;;;130;9,2;4,1;
2023/08/02;1500 UTC;1,4;994,5;995,1;994,5;1247;23,3;23,3;25,2;22,4;25,2;22,2;100;96;100;185;8;2,8;
2023/08/02;1600 UTC;,8;993,8;994,5;993,8;793,5;22,4;22,4;23,7;22,1;23,7;22,1;100;100;100;157;8,1;3,2;
2023/08/02;1700 UTC;0;993,1;993,8;993;1611,2;23,3;23,3;24,1;22,4;;;;;100;164;8,2;4,4;
2023/08/02;1800 UTC;0;992,7;993,1;992,7;634,8;23,5;23,3;23,6;23,1;23,5;23,1;100;99;99;161;8,2;2,7;
2023/08/02;1900 UTC;0;992,8;992,8;992,7;547,7;22,9;22,6;23,5;22,7;23,3;22,4;99;98;98;150;8,3;2,5;
2023/08/02;2000 UTC;0;993;993;992,7;328,7;22,3;22;22,9;22,2;22,6;21,9;98;97;98;154;8,7;3,1;
2023/08/02;2100 UTC;0;993,3;993,3;993;45,7;21,9;21,8;22,3;21,9;22,1;21,6;99;98;99;156;6,8;3,6;
2023/08/02;2200 UTC;0;993,8;993,8;993,3;;21,7;21,7;22;21,7;21,8;21,7;100;99;100;157;6,6;2,8;
2023/08/02;2300 UTC;0;994;994,2;993,8;;21,6;21,6;21,7;21,6;21,7;21,6;100;100;100;152;6,4;2,6;
2023/08/03;0000 UTC;0;994,3;994,4;994;;21,3;21,3;21,6;21,3;21,6;21,3;100;100;100;164;5,6;2,4;
2023/08/03;0100 UTC;0;994,2;994,3;994,2;;21,1;21,1;21,3;21;21,3;21;100;100;100;155;5,4;2;
2023/08/03;0200 UTC;0;994,3;994,3;994,1;;20,9;;21,2;20,9;;;;;;161;5,1;2,4;
2023/08/03;0300 UTC;,2;994,1;994,4;994,1;;20,7;;21;20,7;;;;;;158;4,5;1,8;
2023/08/03;0400 UTC;,6;993,6;994,2;993,6;;20,7;;20,7;20,6;;;;;;136;3,6;1,2;
2023/08/03;0500 UTC;1,4;993,1;993,6;993,1;;20,5;;20,7;20,5;;;;;;120;5,3;2,9;
2023/08/03;0600 UTC;,8;992,7;993,1;992,7;;20,6;;20,6;20,5;;;;;;108;5,4;1,6;
2023/08/03;0700 UTC;1,2;992,8;992,8;992,7;;20,2;;20,6;20,2;;;;;;109;6,2;2,8;
2023/08/03;0800 UTC;,8;992,8;992,9;992,8;;20,2;;20,3;20,2;;;;;;132;5,1;2,6;
2023/08/03;0900 UTC;0;993,2;993,2;992,7;;20,2;;20,2;20,1;;;;;;134;5,2;1,7;
2023/08/03;1000 UTC;0;993,6;993,6;993,2;84,8;20,5;;20,5;20,2;;;;;;137;3,6;1,6;
2023/08/03;1100 UTC;0;994,2;994,2;993,6;718,7;21,3;;21,3;20,4;;;;;;138;5,9;2,4;
2023/08/03;1200 UTC;0;994,5;994,5;994,2;1019,5;22,2;;22,2;21;;;;;;119;7,5;4;
2023/08/03;1300 UTC;0;994,2;994,6;994,2;1537,8;23,2;;23,5;21,8;;;;;;92;8,7;2,8;
2023/08/03;1400 UTC;0;993,8;994,2;993,8;2506,9;24,9;;25,1;23;;;;;;112;6,2;2,5;
2023/08/03;1500 UTC;0;993,2;993,8;993,2;1663,4;24,2;23,9;25,5;23,2;25,5;22,7;100;96;99;112;7,9;2,7;
2023/08/03;1600 UTC;0;992,6;993,2;992,6;1590,3;22,1;21,2;25,5;22,1;25,2;21,2;99;94;95;146;7,7;4,1;
2023/08/03;1700 UTC;0;991,9;992,7;991,9;1196,7;23,7;22,9;23,8;21,3;23,1;20,4;97;94;95;140;7,7;2,2;
2023/08/03;1800 UTC;0;991,6;992;991,6;460;22;21,3;23,8;21,7;23;20,7;96;93;96;309;6;,5;
2023/08/03;1900 UTC;0;991,5;991,6;991,5;427,6;22,4;21,9;22,7;21,9;22,2;21,3;97;96;97;51;3,4;1,5;
2023/08/03;2000 UTC;0;991,7;991,7;991,5;174,4;22,3;21,8;22,6;22,2;22,1;21,6;97;96;96;308;3,4;,6;
2023/08/03;2100 UTC;0;991,9;991,9;991,7;21,7;21,9;21,1;22,6;21,9;22;21,1;97;95;95;126;5,8;1,8;
2023/08/03;2200 UTC;0;991,9;992;991,9;;21,6;20,7;21,9;21,6;21,1;20,7;95;95;95;87;3,2;1,1;
2023/08/03;2300 UTC;0;992,4;992,5;991,9;;20,9;20,2;21,6;20,9;20,7;20,2;96;95;96;127;2,2;,6;
2023/08/04;0000 UTC;0;992,6;992,7;992,5;;20,3;19,9;20,9;20;20,1;19,5;98;96;98;96;1,8;1,1;
2023/08/04;0100 UTC;0;992,7;992,7;992,6;;19,7;19,5;20,4;19,7;20,1;19,5;99;98;99;87;1,9;,8;
2023/08/04;0200 UTC;0;992,7;992,7;992,5;;19,1;19,1;19,9;19,1;19,9;19,1;100;99;100;69;1,5;,3;
2023/08/04;0300 UTC;0;992,3;992,7;992,3;;18,4;;19,1;18,3;;;;;;26;,7;,4;
2023/08/04;0400 UTC;0;991,5;992,3;991,5;;17,9;;18,4;17,9;;;;;;109;,6;,2;
2023/08/04;0500 UTC;0;991,2;991,5;991,2;;17,5;;17,9;17,4;;;;;;283;,8;,4;
2023/08/04;0600 UTC;0;990,8;991,2;990,8;;17;;17,6;17;;;;;;276;,7;,3;
2023/08/04;0700 UTC;0;991;991,1;990,8;;16,8;;17,1;16,7;;;;;;287;,7;,5;
2023/08/04;0800 UTC;0;991,1;991,1;991;;16,4;;16,8;16,4;;;;;;301;,7;,3;
2023/08/04;0900 UTC;,2;991,4;991,4;991;;16,1;;16,5;16,1;;;;;;279;,9;,6;
2023/08/04;1000 UTC;0;992;992;991,4;176,4;18;;18;16,1;;;;;;276;,8;,3;
2023/08/04;1100 UTC;0;992,6;992,6;992;955,5;20,3;;20,6;17,9;;;;;;226;1,7;,5;
2023/08/04;1200 UTC;0;993,3;993,3;992,6;1737;22,9;;23,3;20,3;;;;;;83;4;2,1;
2023/08/04;1300 UTC;0;993,4;993,4;993,3;1997,7;24;;24,5;22,8;;;;;;103;4,3;1,8;
2023/08/04;1400 UTC;0;992,7;993,4;992,7;2618,4;25,2;24,4;25,8;24;25,7;24,4;100;95;95;89;5,9;2,3;
2023/08/04;1500 UTC;0;992,3;992,8;992,3;1741,7;25,3;23,3;26,1;24,8;25,4;23,2;96;89;89;89;5,9;3,1;
2023/08/04;1600 UTC;0;991,6;992,4;991,6;2369,5;26,4;23,5;26,7;24,9;24,1;22,7;89;84;84;90;5,9;2,4;
2023/08/04;1700 UTC;0;990,5;991,6;990,5;2661,4;27,6;23,6;27,6;26,3;23,8;22,5;84;79;79;113;5,1;1,9;
2023/08/04;1800 UTC;0;990,1;990,5;990,1;1948,4;27,3;22,5;27,6;26,1;23,6;21,8;79;75;75;120;7;2,2;
2023/08/04;1900 UTC;0;990,2;990,2;990;1253,4;26,2;20,5;27,5;26,2;22,7;20,5;75;71;71;126;6;3,1;
2023/08/04;2000 UTC;0;990,6;990,6;990,2;351,9;25,2;19,3;26,2;25,1;20,4;19,3;71;70;70;126;6,4;3,2;
2023/08/04;2100 UTC;0;991,1;991,1;990,6;51,9;23,8;18,3;25,2;23,8;19,3;18,3;71;70;71;138;6,4;2,9;
2023/08/04;2200 UTC;0;991,7;991,7;991,1;;22,7;17,3;23,8;22,7;18,3;17,3;72;71;72;131;6,3;2,9;
2023/08/04;2300 UTC;0;992,4;992,4;991,7;;21,3;16,1;22,7;21,3;17,2;16,1;72;72;72;103;6,3;2;
2023/08/05;0000 UTC;0;992,9;992,9;992,4;;20;15,2;21,3;19,9;16;15;74;72;74;126;3,8;1,3;
2023/08/05;0100 UTC;0;993;993;992,9;;19,4;15,1;20;19,4;15,4;15,1;76;74;76;136;2,8;1,4;
2023/08/05;0200 UTC;0;993,4;993,4;993;;18,3;14,3;19,6;18,3;15,4;14,3;78;76;78;132;2,9;,8;
2023/08/05;0300 UTC;0;993,5;993,5;993,4;;17;13,5;18,3;16,9;14,3;13,3;80;78;80;274;1,4;,2;
2023/08/05;0400 UTC;0;993,2;993,5;993,2;;17,1;14;17,1;16,7;14,1;13,3;82;80;82;265;,9;,5;
2023/08/05;0500 UTC;0;992,7;993,2;992,7;;16,5;13,9;17,1;16,4;14;13,6;84;82;84;295;,9;,3;
2023/08/05;0600 UTC;0;992,5;992,7;992,4;;16,2;13,9;16,7;16,2;14,2;13,9;86;84;86;321;,6;,3;
2023/08/05;0700 UTC;0;992,6;992,6;992,4;;16,5;14,5;16,5;16;14,6;13,8;88;86;88;255;,9;,5;
2023/08/05;0800 UTC;0;992,8;992,8;992,6;;16,1;14,4;16,6;16,1;14,8;14,4;90;88;90;261;,9;,1;
2023/08/05;0900 UTC;0;993;993;992,8;;15,6;14,3;16,1;15,6;14,5;14,3;92;90;92;284;,6;,2;
2023/08/05;1000 UTC;0;993,7;993,7;993,1;249,2;17,8;17,1;17,8;15,6;17,1;14,3;96;92;95;301;,8;,2;
2023/08/05;1100 UTC;0;994,6;994,6;993,7;991,5;21,4;20,5;21,7;17,7;20,8;16,8;97;94;94;118;2,4;1;
2023/08/05;1200 UTC;0;995,1;995,1;994,6;1453,7;22,3;21;22,5;21,4;21,4;20,4;95;92;92;144;4,9;2,7;
2023/08/05;1300 UTC;0;995,3;995,3;995;2084,3;23,9;21,9;24,5;22,3;22,8;21;93;88;88;110;6,6;3,2;
2023/08/05;1400 UTC;0;994,8;995,3;994,8;2270,8;25,4;22,2;25,8;23,6;23,2;21,7;89;83;83;120;6,7;2,9;
2023/08/05;1500 UTC;0;994;994,8;994;2337,1;26,7;22,4;26,7;25;23;21,6;83;77;77;106;7,3;3;
2023/08/05;1600 UTC;0;993,3;994;993,3;1720,9;26,6;21,7;26,9;25,1;22,4;20,4;77;74;74;121;6,8;2,4;
2023/08/05;1700 UTC;0;992,5;993,3;992,4;1924,8;26,7;20,8;27,5;25,9;21,9;20,4;74;70;70;106;7,7;3,6;
2023/08/05;1800 UTC;0;992;992,5;992;1602,8;26,7;20,3;26,9;25,3;20,8;19,5;71;68;68;124;7,8;3,1;
2023/08/05;1900 UTC;0;992,2;992,3;992;1304,2;26,5;19,5;27,1;26;20,6;19,1;68;65;65;125;6,4;3;
2023/08/05;2000 UTC;0;992,8;992,8;992,2;599,7;24,8;17,8;26,8;24,8;19,8;17,8;66;64;65;141;7,2;3,1;
2023/08/05;2100 UTC;0;993,1;993,1;992,8;59,7;23,5;17,2;24,8;23,5;17,9;17,2;68;65;68;136;7,4;3;
2023/08/05;2200 UTC;0;993,5;993,5;993,1;;22,6;17;23,5;22,6;17,2;17;71;68;71;134;6,8;2,8;
2023/08/05;2300 UTC;0;994,1;994,1;993,5;;21,7;16,8;22,6;21,7;17,1;16,8;74;71;74;117;5,4;2,3;
2023/08/06;0000 UTC;0;994,5;994,5;994,1;;21;16,7;21,7;21;16,8;16,6;76;74;76;117;4,6;2,4;
2023/08/06;0100 UTC;0;994,9;994,9;994,5;;20,4;16,5;21;20,4;16,7;16,5;78;76;78;123;3,9;1,3;
2023/08/06;0200 UTC;0;994,8;994,9;994,8;;19,7;16,2;20,4;19,7;16,5;16,2;80;78;80;110;2,4;1;
2023/08/06;0300 UTC;0;994,6;994,9;994,6;;18,6;15,5;19,8;18,6;16,4;15,5;82;80;82;124;1,8;,4;
2023/08/06;0400 UTC;0;994,4;994,6;994,3;;18,2;15,5;18,6;18,1;15,5;15,3;84;82;84;144;1,4;,5;
2023/08/06;0500 UTC;0;994;994,4;994;;17,8;15,4;18,2;17,8;15,5;15,4;86;84;86;316;1;,6;
2023/08/06;0600 UTC;0;993,7;994;993,7;;17,7;15,6;17,8;17,6;15,7;15,3;88;86;88;271;,8;,4;
2023/08/06;0700 UTC;0;993,7;993,7;993,6;;17,7;15,9;17,8;17,5;16,1;15,5;89;88;89;316;,8;,3;
2023/08/06;0800 UTC;0;994,1;994,1;993,7;;18,3;16,9;18,3;17,7;16,9;15,9;91;89;91;335;,5;,2;
2023/08/06;0900 UTC;0;994,4;994,4;994,1;;18;16,8;18,5;18;17,1;16,8;93;91;93;291;,8;,6;
2023/08/06;1000 UTC;0;994,8;994,8;994,4;139,8;19,6;18,8;19,6;18;18,9;16,8;96;93;95;258;1,1;,3;
2023/08/06;1100 UTC;0;995,5;995,6;994,8;693;21,1;20,5;21,2;19,5;20,7;18,7;97;95;96;186;4;2,4;
2023/08/06;1200 UTC;0;996;996;995,5;1110,2;22,9;22,3;22,9;21,1;22,3;20,5;97;96;96;154;5,3;2,4;
2023/08/06;1300 UTC;0;996;996,1;996;1463,8;24;22,8;24,2;22,9;23,2;22;97;93;93;145;5,7;3;
2023/08/06;1400 UTC;0;995,4;996;995,4;1286;24,5;22,7;24,7;23,9;23,2;22,5;94;89;89;123;5,8;2,3;
2023/08/06;1500 UTC;0;994,7;995,4;994,7;1177,4;24,5;22,1;24,8;23,8;22,8;21,4;89;86;87;100;7,3;3;
2023/08/06;1600 UTC;2,2;994,3;994,7;994,3;869;21,5;19,2;25,2;21,4;22,9;18,9;87;83;87;125;9;3,6;
2023/08/06;1700 UTC;0;993,4;994,3;993,4;1308,2;23,9;22,3;23,9;21,4;22,3;19;91;87;91;147;6,7;2,4;
2023/08/06;1800 UTC;0;992,9;993,4;992,9;971,1;24,1;22;24,1;22,5;22,3;20,6;91;88;88;147;8,6;2,4;
2023/08/06;1900 UTC;0;993,2;993,2;992,9;944,3;23,7;21;24,8;23,7;22,8;21;89;85;85;141;8,4;2,7;
2023/08/06;2000 UTC;0;993,6;993,6;993,2;306,2;23,1;20,4;23,7;23,1;21,1;20,4;85;85;85;140;7;2,9;
2023/08/06;2100 UTC;0;993,8;993,8;993,6;49,3;22,5;19,8;23,1;22,5;20,4;19,8;85;85;85;148;7;2,5;
2023/08/06;2200 UTC;0;994,4;994,4;993,8;;21,9;19,4;22,5;21,9;19,8;19,4;86;85;86;140;5,3;1,5;
2023/08/06;2300 UTC;0;995;995;994,4;;21,3;19;21,9;21,3;19,4;19;87;86;87;125;3,9;1,6;
2023/08/07;0000 UTC;0;995,7;995,7;995;;20,7;18,8;21,3;20,7;19,1;18,8;88;87;88;142;3,5;1,2;
2023/08/07;0100 UTC;0;995,7;995,8;995,7;;20,4;18,7;20,7;20,3;18,7;18,5;90;88;90;126;2,4;1,4;
2023/08/07;0200 UTC;0;995,5;995,8;995,5;;19,8;18,4;20,4;19,6;18,7;17,9;92;90;92;103;2,4;1;
2023/08/07;0300 UTC;0;995,4;995,6;995,4;;19,6;18,6;19,8;19,4;18,6;18,2;94;92;94;93;2,3;,8;
2023/08/07;0400 UTC;0;994,9;995,4;994,9;;20,1;19,4;20,2;19,6;19,4;18,6;96;94;96;95;2,3;,8;
2023/08/07;0500 UTC;0;994,5;994,9;994,5;;20,5;20,3;20,5;20,1;20,3;19,4;99;96;99;114;4,5;1,3;
2023/08/07;0600 UTC;,6;994,2;994,5;994,2;;20,5;20,5;20,5;20,4;20,5;20,3;100;99;100;137;2,8;,9;
2023/08/07;0700 UTC;,2;994,1;994,2;994;;20,5;;20,5;20,4;;;;;;150;3,3;1,3;
2023/08/07;0800 UTC;0;994,2;994,2;994,1;;20,6;;20,6;20,5;;;;;;162;3,3;,9;
2023/08/07;0900 UTC;0;994,6;994,7;994,2;;20,7;;20,7;20,5;;;;;;153;1,8;,6;
2023/08/07;1000 UTC;0;995,1;995,1;994,6;108,2;21;;21;20,6;;;;;;145;1,7;1;
2023/08/07;1100 UTC;0;995,5;995,5;995,1;554,5;21,8;;21,8;20,9;;;;;;132;2,3;1,3;
2023/08/07;1200 UTC;0;995,9;995,9;995,5;898,4;23;;23,2;21,7;;;;;;83;3,9;2,1;
2023/08/07;1300 UTC;0;995,8;995,9;995,8;1589,6;24,2;;24,4;22,9;;;;;;97;5,1;3;
2023/08/07;1400 UTC;0;995,4;995,8;995,4;1741,7;24,8;;24,8;23,9;;;;;;90;6,3;3,4;
2023/08/07;1500 UTC;0;994,4;995,4;994,4;2077,2;24,5;24,5;25;23;25;22,9;100;98;100;110;7,3;1,5;
2023/08/07;1600 UTC;,2;993,7;994,4;993,7;1995;24,4;23,8;25,9;24,3;25,9;23,6;100;95;97;79;7,8;3,5;
2023/08/07;1700 UTC;0;992,9;993,7;992,9;1645,1;25,8;24,6;26,6;24,4;26;23,8;98;93;93;108;7,8;3;
2023/08/07;1800 UTC;0;992,7;993;992,7;1418,8;26,1;23,8;26,7;25,5;25;23,8;93;87;87;90;7;3,5;
2023/08/07;1900 UTC;0;992,8;992,8;992,7;399,9;24,9;22,4;26,1;24,5;23,8;22,2;87;86;86;104;7,6;3,9;
2023/08/07;2000 UTC;0;993,1;993,1;992,7;356,9;24,3;21,6;24,9;24,3;22,4;21,6;86;85;85;91;7,6;3,1;
2023/08/07;2100 UTC;0;993,3;993,3;993,1;56,8;23,5;20,7;24,3;23,5;21,6;20,7;85;84;84;110;5,5;2,4;
2023/08/07;2200 UTC;0;993,5;993,5;993,2;;22,6;19,7;23,5;22,6;20,7;19,7;84;84;84;114;4,6;1,3;
2023/08/07;2300 UTC;0;994,1;994,1;993,5;;22,1;19,4;22,6;22,1;19,8;19,4;85;84;85;110;3,6;1,7;
2023/08/08;0000 UTC;0;994,4;994,4;994,1;;21,2;18,8;22,1;21,2;19,4;18,8;86;85;86;97;3,6;1;
2023/08/08;0100 UTC;0;994,3;994,5;994,3;;20,7;18,7;21,2;20,7;18,9;18,7;88;86;88;121;2,3;1,1;
2023/08/08;0200 UTC;0;994,1;994,3;994,1;;20,4;18,7;20,8;20,3;18,8;18,5;90;88;90;118;2;,8;
2023/08/08;0300 UTC;0;993,9;994,1;993,9;;19,3;17,9;20,5;19,3;18,8;17,9;91;90;91;133;1,8;,8;
2023/08/08;0400 UTC;0;993,3;993,9;993,3;;18,8;17,6;19,3;18,8;17,8;17,6;93;91;93;138;1,1;,7;
2023/08/08;0500 UTC;0;993,1;993,3;993,1;;18,2;17,2;18,8;18,2;17,6;17,2;94;93;94;262;1,1;,3;
2023/08/08;0600 UTC;0;993,1;993,2;993;;18,4;17,7;18,6;18,1;17,9;17,1;96;94;96;216;1,5;,7;
2023/08/08;0700 UTC;0;993,1;993,2;993;;19,4;19,1;19,5;18,4;19,2;17,8;98;96;98;3;1,5;,3;
2023/08/08;0800 UTC;0;993,2;993,3;993,1;;18,9;18,9;19,4;18,9;19,3;18,9;100;98;100;310;1,4;,7;
2023/08/08;0900 UTC;0;993,8;993,8;993,2;;18,2;18,2;19;18,2;19;18,2;100;100;100;34;1,7;,2;
2023/08/08;1000 UTC;0;994,3;994,3;993,7;249,1;20;;20,1;18;;;;;;308;1,1;,2;
2023/08/08;1100 UTC;0;994,7;994,7;994,3;899,5;22,2;;22,2;20;;;;;;27;2,3;,9;
2023/08/08;1200 UTC;0;995;995,1;994,7;1571,3;23,9;23,9;24,1;22,2;;;;;100;81;4,2;2,6;
2023/08/08;1300 UTC;0;995,1;995,2;995;1956,6;25,1;24,5;25,5;23,8;25,3;23,6;100;96;96;98;5,6;1,9;
2023/08/08;1400 UTC;0;994,4;995,1;994,4;2492,6;25,8;23,6;26,5;24,9;24,8;23,5;96;88;88;131;5,9;3,1;
2023/08/08;1500 UTC;0;993,8;994,4;993,8;2775,6;26,9;23,4;27,2;25,9;24,6;23,1;88;81;81;141;6,5;3,3;
2023/08/08;1600 UTC;0;993;993,8;993;2568,7;27,3;22,6;28,3;26,5;24,2;22,6;82;76;76;114;7;3,9;
2023/08/08;1700 UTC;0;992,2;993;992,1;2612,7;27,6;22;28,5;27;23,6;22;77;72;72;147;7,5;3,6;
2023/08/08;1800 UTC;0;991,9;992,2;991,9;1275,1;27;20,9;27,7;26,6;22,1;20,7;72;69;69;131;6,7;3,1;
2023/08/08;1900 UTC;0;991,9;992;991,8;1153,8;27,2;20,4;27,9;26,5;21,7;19,9;69;66;66;130;7,6;2,8;
2023/08/08;2000 UTC;0;991,8;991,9;991,8;646,3;26,6;18,8;27,3;26,6;20,4;18,8;66;63;63;125;6,5;2,5;
2023/08/08;2100 UTC;0;992,1;992,1;991,8;77,9;24,8;16,8;26,6;24,8;18,8;16,8;63;61;61;116;4,6;1,3;
2023/08/08;2200 UTC;0;992,5;992,5;992,1;;23,6;16,5;24,8;23,6;16,8;16,3;64;61;64;131;3,4;2,3;
2023/08/08;2300 UTC;0;992,8;992,8;992,4;;22,8;16,4;23,7;22,8;16,5;16,3;67;64;67;132;4,8;2,6;
2023/08/09;0000 UTC;0;993,4;993,4;992,8;;22;16,4;22,8;22;16,6;16,4;70;67;70;125;5,7;2,3;
2023/08/09;0100 UTC;0;993,8;993,8;993,4;;21,2;16,3;22;21,2;16,4;16,3;74;70;74;126;5,5;2,4;
2023/08/09;0200 UTC;0;993,9;994;993,8;;20,9;16,8;21,2;20,9;16,9;16,3;78;74;78;116;4,8;1,9;
2023/08/09;0300 UTC;0;993,5;993,9;993,5;;20,7;17,4;20,9;20,7;17,4;16,9;81;78;81;117;4,3;1,7;
2023/08/09;0400 UTC;0;992,9;993,5;992,8;;20,2;17,5;20,7;20,1;17,5;17;84;81;84;130;3,2;1,5;
2023/08/09;0500 UTC;0;992,6;992,9;992,6;;20,4;18,2;20,4;20,2;18,2;17,5;87;85;87;128;3,5;2;
2023/08/09;0600 UTC;0;992,2;992,6;992,2;;20,9;19,1;20,9;20,4;19,1;18,2;90;87;90;138;4,2;2,3;
2023/08/09;0700 UTC;0;992,4;992,4;992,2;;20,8;19,3;21,2;20,8;19,6;19,1;91;90;91;160;5;1,5;
2023/08/09;0800 UTC;0;992,7;992,7;992,4;;20,5;19,3;20,9;20,5;19,4;19,2;93;91;93;143;3,2;1,8;
2023/08/09;0900 UTC;0;993,1;993,1;992,7;;20,4;19,5;20,6;20,4;19,5;19,4;94;93;94;145;3,6;1,5;
2023/08/09;1000 UTC;0;993,8;993,8;993,1;206,5;21,2;20,7;21,2;20,3;20,7;19,5;97;94;97;136;3,9;1,5;
2023/08/09;1100 UTC;0;994,4;994,4;993,7;587,8;22;21,3;22;21,2;21,3;20,6;97;96;96;134;5,6;2,9;
2023/08/09;1200 UTC;0;994,8;994,9;994,4;1567,5;23,6;22,5;24,1;22;23,1;21,4;97;93;93;126;8,6;4,7;
2023/08/09;1300 UTC;0;995,1;995,2;994,8;2012,8;26,1;23,9;26,1;23,6;23,9;22,4;94;87;88;125;8,6;4,4;
2023/08/09;1400 UTC;0;994,7;995,1;994,7;1976,1;25,6;22,4;26,5;24,6;24,1;21,3;88;82;83;136;10,9;3,8;
2023/08/09;1500 UTC;0;993,9;994,7;993,8;2371,6;26,9;22,2;27,4;25,6;23,7;21,7;83;76;76;137;9,4;5,1;
2023/08/09;1600 UTC;0;992,9;993,9;992,9;2439,8;26,3;20,6;28,1;26,3;22,9;20,5;76;71;71;149;10,9;4,4;
2023/08/09;1700 UTC;0;992,5;992,9;992,5;1710,5;25,5;19,4;27,4;25,4;21,7;19,4;71;69;69;119;8,8;4,1;
2023/08/09;1800 UTC;0;992,5;992,6;992,3;805,9;22,6;17,6;25,8;22,4;19,7;16,9;73;68;73;133;8,6;2,8;
2023/08/09;1900 UTC;0;992,5;992,5;992,4;684,5;24,4;19,2;24,4;22,6;19,4;17,6;75;73;73;116;7,6;3,7;
2023/08/09;2000 UTC;0;993;993;992,5;486,9;23,9;18,2;24,8;23,9;19,3;18,2;73;70;70;119;7;3,3;
2023/08/09;2100 UTC;0;993,2;993,2;992,9;82,2;23,1;17,5;23,9;23,1;18,2;17,5;71;70;71;141;8,9;4,4;
2023/08/09;2200 UTC;0;993,5;993,5;993,2;;22;16,9;23,1;22;17,4;16,9;73;71;73;139;8,9;2,3;
2023/08/09;2300 UTC;0;993,9;993,9;993,5;;21,2;16,7;22;21,2;16,9;16,7;75;73;75;143;4,4;1,8;
2023/08/10;0000 UTC;0;994,2;994,2;993,9;;20,5;16,5;21,3;20,5;16,8;16,5;78;75;78;142;4,1;1,2;
2023/08/10;0100 UTC;0;994,1;994,2;994,1;;20,2;16,6;20,6;20,2;16,7;16,5;80;78;80;128;2,7;1,2;
2023/08/10;0200 UTC;0;994;994,2;993,9;;20;16,7;20,3;20;16,8;16,6;81;80;81;172;2,7;1,3;
2023/08/10;0300 UTC;0;993,6;994;993,6;;18,7;15,7;20;18,6;16,8;15,6;83;81;83;324;2,5;,6;
2023/08/10;0400 UTC;0;993,2;993,6;993,2;;18,5;15,9;18,9;18,1;16,3;15,3;85;83;85;195;2,4;,9;
2023/08/10;0500 UTC;0;992,5;993,2;992,5;;17,9;15,6;18,6;17,9;16,2;15,6;86;85;86;208;2,4;,7;
2023/08/10;0600 UTC;0;992,3;992,5;992,3;;17,8;15,8;18;17,5;16;15,4;88;86;88;185;1,2;,7;
2023/08/10;0700 UTC;0;992,5;992,5;992,2;;19,3;17,7;19,3;17,6;17,7;15,7;91;88;91;189;2,8;1,6;
2023/08/10;0800 UTC;0;992,9;992,9;992,5;;19,9;18,6;19,9;19,3;18,6;17,7;92;91;92;205;3,6;1,8;
2023/08/10;0900 UTC;0;993,3;993,3;992,8;;19,9;19;19,9;19,8;19;18,6;95;92;95;144;3,3;,9;
2023/08/10;1000 UTC;0;993,8;993,8;993,3;73,8;20,1;19,5;20,1;19,8;19,5;19;96;95;96;186;3,7;2;
2023/08/10;1100 UTC;0;994,1;994,1;993,8;666,2;21,4;20,8;21,4;20,1;20,8;19,4;97;96;97;188;4,5;2,5;
2023/08/10;1200 UTC;0;994,5;994,5;994,1;1376,1;22,2;21,2;23;21,3;22,4;20,7;97;94;94;204;4,7;3;
2023/08/10;1300 UTC;0;994,4;994,5;994,3;1061,7;23,4;22,1;23,4;22,2;22,3;21,3;95;93;93;144;4,8;2,8;
2023/08/10;1400 UTC;,4;994;994,7;994;1108,3;21,8;20,5;23,4;21,1;22,1;19,6;93;90;93;186;7,6;3,2;
2023/08/10;1500 UTC;0;993;994;993;1754,6;23,9;22,4;24,5;21,7;23,2;20,4;94;91;91;156;7,5;3,1;
2023/08/10;1600 UTC;0;992,1;993;992,1;2209,7;24,2;21,7;25,7;23,9;24,1;21,7;92;86;86;147;8,5;4,6;
2023/08/10;1700 UTC;0;991,2;992,1;991,2;2030;25,1;21,8;26,3;24;23,3;21,4;86;82;82;134;8,5;4,1;
2023/08/10;1800 UTC;0;991,1;991,2;991;1599;24,2;20,2;26,6;24,2;22,9;20,2;83;78;78;117;8,2;4,5;
2023/08/10;1900 UTC;0;991,4;991,4;991,1;1258,3;24,7;20,3;26,2;24,1;22;20,1;80;76;76;125;8,2;3,9;
2023/08/10;2000 UTC;0;992;992;991,4;547,1;23,6;19,1;24,7;23,6;20,1;19;77;76;76;101;8,8;3,9;
2023/08/10;2100 UTC;0;992,1;992,2;992;99,7;22;17,9;23,6;22;19,1;17,7;78;75;78;103;7,8;2;
2023/08/10;2200 UTC;0;992,3;992,3;992,1;;21,5;17,7;22;21,5;18;17,6;79;78;79;88;5,9;1,7;
2023/08/10;2300 UTC;0;992,7;992,7;992,3;;21,3;17,8;21,5;21,3;17,8;17,6;80;79;80;96;3,5;1,4;
2023/08/11;0000 UTC;0;993,1;993,1;992,7;;20,8;17,5;21,3;20,8;17,8;17,5;82;80;82;145;2,1;1,1;
2023/08/11;0100 UTC;0;993,2;993,3;993,1;;20,7;17,7;20,8;20,5;17,7;17,4;83;82;83;153;3,4;1,5;
2023/08/11;0200 UTC;0;993,3;993,3;993,2;;20,5;17,6;20,7;20,5;17,8;17,6;84;83;84;185;3,6;1,4;
2023/08/11;0300 UTC;0;992,8;993,3;992,8;;19,2;16,6;20,5;19,2;17,6;16,6;85;84;85;210;2,4;1,1;
2023/08/11;0400 UTC;0;992,1;992,8;992,1;;18,3;15,9;19,4;18,3;16,9;15,9;86;85;86;241;2,5;,3;
2023/08/11;0500 UTC;0;991,9;992,1;991,9;;18,1;16,1;18,3;17,4;16,2;15,2;88;86;88;201;2,2;1,2;
2023/08/11;0600 UTC;0;991,8;991,9;991,8;;18,8;17,1;18,9;17,6;17,2;15,6;90;88;90;189;2,6;,6;
2023/08/11;0700 UTC;0;991,8;991,8;991,7;;18;16,5;18,9;17,9;17,1;16,5;91;90;91;214;1,9;,6;
2023/08/11;0800 UTC;0;991,9;991,9;991,7;;17,2;16,1;18;17;16,5;15,8;93;91;93;244;1,5;,9;
2023/08/11;0900 UTC;0;992,1;992,1;991,8;;18;17,1;18,1;17,2;17,1;16,1;95;93;95;228;1,8;,8;
2023/08/11;1000 UTC;0;992,3;992,3;992,1;96,7;18,8;18,3;18,8;18;18,3;17,1;97;95;97;221;1,9;,6;
2023/08/11;1100 UTC;0;992,9;992,9;992,3;747,1;20,3;20,1;20,3;18,7;20,1;18,3;100;97;99;188;5,4;2,9;
2023/08/11;1200 UTC;0;993,4;993,4;992,9;1667;22,4;21,9;22,4;20,3;21,9;20,2;99;97;97;191;5,4;2,7;
2023/08/11;1300 UTC;0;993,3;993,5;993,3;1417,5;24,5;23,7;24,5;22,1;23,8;21,5;98;95;95;137;6,6;3,9;
2023/08/11;1400 UTC;0;992,6;993,3;992,6;1491,9;24,7;22,9;25,4;24,2;24,6;22,7;96;90;90;158;6,6;3,3;
2023/08/11;1500 UTC;0;991,7;992,6;991,7;1389,5;25,1;22,3;25,7;24,7;23,7;22,2;90;85;85;156;6,8;3;
2023/08/11;1600 UTC;0;990,8;991,7;990,8;1821,4;26,1;22,8;26,2;25;23,3;21,8;85;82;82;140;7,1;4;
2023/08/11;1700 UTC;0;990,4;990,8;990,3;1689,1;25;21;26,1;24,5;22,7;20,9;82;79;79;145;9;4,1;
2023/08/11;1800 UTC;0;990,2;990,4;990,2;1575,8;24,8;20,6;25,4;24,5;21,5;20,4;79;78;78;146;9;4,6;
2023/08/11;1900 UTC;0;990,4;990,4;990,2;751,9;24,2;20,2;25;23,8;20,8;19,7;78;77;78;129;7,5;3,7;
2023/08/11;2000 UTC;0;990,7;990,7;990,3;604,7;23,6;19,3;24,8;23,6;20,8;19,3;78;77;77;137;8,7;2,7;
2023/08/11;2100 UTC;0;991,1;991,1;990,7;81,6;22,7;18,8;23,6;22,7;19,4;18,8;79;77;79;142;8,2;4;
2023/08/11;2200 UTC;0;991,6;991,6;991,1;;22,2;18,4;22,7;22,2;18,8;18,4;79;79;79;131;8,2;3,1;
2023/08/11;2300 UTC;0;992,1;992,1;991,6;;21,9;18,1;22,4;21,9;18,6;18,1;79;79;79;113;6,2;3,1;
2023/08/12;0000 UTC;0;992,6;992,6;992,1;;21,3;17,6;21,9;21,3;18,1;17,6;80;79;80;133;5,5;2,1;
2023/08/12;0100 UTC;0;992,7;992,7;992,5;;21,4;18;21,6;21,2;18,2;17,6;81;80;81;146;6,3;3;
2023/08/12;0200 UTC;0;992,7;992,7;992,5;;21,8;18,4;21,8;21,1;18,4;17,7;81;81;81;146;6,3;2,2;
2023/08/12;0300 UTC;0;992,4;992,7;992,4;;21,4;18;21,8;21,4;18,4;17,9;81;80;81;151;4,4;1,4;
2023/08/12;0400 UTC;0;991,7;992,4;991,7;;20,8;17,6;21,5;20,7;18,2;17,6;82;81;82;126;3,3;1,3;
2023/08/12;0500 UTC;0;991,2;991,7;991,2;;19;16,1;20,8;18,9;17,6;16;83;82;83;138;2,1;,5;
2023/08/12;0600 UTC;0;990,8;991,2;990,7;;18,9;16,4;19,4;18,7;16,8;16;85;83;85;159;2;1;
2023/08/12;0700 UTC;0;990,5;990,8;990,5;;17,7;15,4;19,2;17,7;16,7;15,3;87;85;87;220;1,8;,3;
2023/08/12;0800 UTC;0;990,9;990,9;990,5;;19,1;17,2;19,1;17,6;17,2;15,4;89;87;89;189;3;1,7;
2023/08/12;0900 UTC;0;991,5;991,5;990,9;;18,9;17,5;19,3;18,9;17,6;17,2;91;89;91;184;2,7;,9;
2023/08/12;1000 UTC;0;992;992;991,5;238,1;19,7;18,6;19,9;18,8;18,8;17,4;94;91;93;204;3,7;1,7;
2023/08/12;1100 UTC;0;992,3;992,3;991,9;1086,6;21,5;20,7;21,5;19,7;20,7;18,6;95;93;95;196;4;2,1;
2023/08/12;1200 UTC;0;992,8;992,9;992,3;1685,4;23,7;22,4;23,7;21,4;22,5;20,4;95;93;93;147;6,1;3,5;
2023/08/12;1300 UTC;0;992,9;993,1;992,8;2043,8;24,9;22,8;25,2;23,2;23,5;21,8;93;88;88;114;8,3;4,3;
2023/08/12;1400 UTC;0;992,5;993;992,5;1699,5;25,6;22,6;25,7;24,3;23;21,5;88;83;84;115;8;4;
2023/08/12;1500 UTC;0;991,8;992,5;991,8;2238,3;25,2;21,3;26,4;25,2;22,8;21,3;84;79;79;113;7,5;3,7;
2023/08/12;1600 UTC;0;990,6;991,8;990,5;2476,8;26,5;21,5;27,3;25,2;23,1;21,3;79;74;74;135;7,5;3,7;
2023/08/12;1700 UTC;0;989,6;990,6;989,6;1750,4;26,8;21,1;27,3;25,5;22;19,8;74;71;71;137;8,6;4,1;
2023/08/12;1800 UTC;0;989;989,6;989;2185;27,4;20,2;28,2;26,7;22,1;20;71;65;65;122;8,1;4,1;
2023/08/12;1900 UTC;0;989,2;989,2;989;1513,7;27;18,9;28;26,8;20,3;18,8;65;61;61;150;7,6;3,7;
2023/08/12;2000 UTC;0;989,7;989,7;989,2;614,4;24,8;16,9;27,4;24,8;19,2;16,9;62;60;62;158;9,5;4;
2023/08/12;2100 UTC;0;990,3;990,3;989,7;82,3;23,3;16,2;24,9;23,3;17,1;16,2;64;62;64;149;9,4;3,4;
2023/08/12;2200 UTC;0;990,7;990,7;990,3;;22,6;16,4;23,3;22,6;16,4;16,2;68;64;68;155;7,6;3,7;
2023/08/12;2300 UTC;0;991,4;991,4;990,7;;21,6;16,1;22,6;21,6;16,4;16,1;71;68;71;131;7,2;2,2;
2023/08/13;0000 UTC;0;991,9;991,9;991,4;;21,1;16,1;21,6;21,1;16,2;16,1;73;71;73;135;5,1;2,1;
2023/08/13;0100 UTC;0;992;992;991,8;;20,5;15,9;21,1;20,5;16,1;15,9;75;73;75;125;3,7;1,6;
2023/08/13;0200 UTC;0;992;992,1;992;;19,9;15,6;20,5;19,9;15,9;15,6;76;75;76;141;3,4;1,4;
2023/08/13;0300 UTC;0;991,6;992;991,6;;19,9;15,9;19,9;19,8;15,9;15,6;78;76;78;145;3;1,7;
2023/08/13;0400 UTC;0;991,4;991,6;991,3;;19,4;15,7;19,9;19,3;15,9;15,6;79;78;79;143;2,9;1,3;
2023/08/13;0500 UTC;0;990,6;991,4;990,6;;18,1;14,7;19,4;18,1;15,8;14,7;80;79;80;139;2,4;,5;
2023/08/13;0600 UTC;0;990,2;990,6;990,1;;17,5;14,4;18,1;17,2;14,7;14;82;80;82;287;1,4;,6;
2023/08/13;0700 UTC;0;990,3;990,4;990,2;;16,7;14;17,5;16,7;14,5;14;84;82;84;213;1,6;,4;
2023/08/13;0800 UTC;0;990,4;990,4;990,2;;16,6;14,2;16,7;16,3;14,3;13,7;86;84;86;284;,9;,4;
2023/08/13;0900 UTC;0;991,1;991,1;990,4;;16,4;14,3;16,7;16,4;14,4;14,2;87;86;87;269;,9;,5;
2023/08/13;1000 UTC;0;991,8;991,8;991,1;133,8;19;17,2;19;16,4;17,2;14,4;90;87;90;227;2,7;1,1;
2023/08/13;1100 UTC;0;992,4;992,4;991,6;740,3;20,5;18,7;20,6;19;18,9;17,2;90;89;89;136;3,7;2,3;
2023/08/13;1200 UTC;0;992,4;992,7;992,3;954,1;21,6;19,5;21,7;20,5;19,7;18,7;89;88;88;81;5,8;2,6;
2023/08/13;1300 UTC;0;992,3;992,4;992,2;1660,8;24,2;21,5;24,6;21,6;22,1;19,5;88;85;85;130;5,8;3,1;
2023/08/13;1400 UTC;0;992,1;992,3;992;2073,3;23,7;19,6;26,3;23,7;23,2;19,6;85;78;78;112;8,5;3,9;
2023/08/13;1500 UTC;0;991,4;992,1;991,4;1573;24,7;20,7;25,7;22,9;22,1;19,2;81;78;78;43;8,5;1,8;
2023/08/13;1600 UTC;0;990,6;991,4;990,6;1364,5;25,3;21,3;25,6;23,2;21,5;19;79;76;79;103;7,5;4,1;
2023/08/13;1700 UTC;0;989,5;990,6;989,5;1586,7;25,5;20,1;26,1;25,3;21,4;20,1;79;72;72;122;7,5;2,8;
2023/08/13;1800 UTC;0;989,1;989,5;989;1574,8;25,8;19,4;28,2;25,5;22;19,4;72;68;68;135;8,7;3,7;
2023/08/13;1900 UTC;0;989,2;989,2;988,9;1367,5;26;19,3;27,2;25,4;20,8;18,6;69;66;67;140;9,2;4,4;
2023/08/13;2000 UTC;0;989,8;989,9;989,2;504,9;24,6;17,9;26,4;24,5;19,6;17,8;67;66;66;133;8,8;4,2;
2023/08/13;2100 UTC;0;990,1;990,1;989,8;45,1;23,1;17;24,5;23,1;17,8;17;68;66;68;135;7,3;3,1;
2023/08/13;2200 UTC;0;990,6;990,6;990,1;;22;16,6;23,1;22;16,9;16,5;71;68;71;142;7,3;2,9;
2023/08/13;2300 UTC;0;991,3;991,3;990,6;;21,5;16,7;22;21,5;16,7;16,5;74;71;74;145;5,9;2,5;
2023/08/14;0000 UTC;0;991,8;991,9;991,3;;21;16,9;21,5;21;17;16,7;78;74;78;140;6,1;2,5;
2023/08/14;0100 UTC;0;992;992;991,8;;20,7;17,2;21;20,7;17,3;16,9;81;78;81;135;4,8;2,1;
2023/08/14;0200 UTC;0;992;992,1;992;;20,5;17,6;20,7;20,5;17,6;17,2;84;81;84;138;4;1,8;
2023/08/14;0300 UTC;0;991,7;992,1;991,7;;20,6;18,2;20,6;20,4;18,2;17,6;86;84;86;162;3,4;1,7;
2023/08/14;0400 UTC;0;991;991,7;991;;20,5;18,4;20,6;20,5;18,4;18,1;88;86;88;146;4;1,3;
2023/08/14;0500 UTC;0;990,8;991;990,8;;20,6;18,8;20,6;20,5;18,8;18,4;90;88;90;163;2,9;1,4;
2023/08/14;0600 UTC;0;990,6;990,8;990,5;;20,5;19;20,6;20,4;19;18,8;91;90;91;136;4,3;1;
2023/08/14;0700 UTC;,8;990,4;990,6;990,4;;20,5;19,3;20,6;20,5;19,3;19;93;91;93;155;3;1,4;
2023/08/14;0800 UTC;0;990,7;990,7;990,4;;20,6;19,6;20,6;20,5;19,6;19,3;94;93;94;108;3,7;1,5;
2023/08/14;0900 UTC;1;991,3;991,3;990,7;;20,3;19,5;20,6;20,3;19,8;19,4;95;94;95;96;4,1;2;
2023/08/14;1000 UTC;0;991,6;991,6;991,3;181,4;20,9;20,5;20,9;20,1;20,6;19,4;98;95;98;143;5,3;1,3;
2023/08/14;1100 UTC;0;992,3;992,3;991,6;922;22,1;21,6;22,4;20,9;22,1;20,4;99;97;97;145;5,7;2,9;
2023/08/14;1200 UTC;0;992,9;992,9;992,3;1263,5;22,2;21,3;23,7;22;23,2;21,3;98;94;94;133;7,6;4,3;
2023/08/14;1300 UTC;0;993;993;992,8;1375,7;24,4;23,2;24,6;22,1;23,5;21,2;96;93;93;124;7,6;4,2;
2023/08/14;1400 UTC;,8;992,5;993;992,4;1853,5;23,3;20,9;25,9;23,3;24,4;20,9;94;87;87;142;8,5;4,3;
2023/08/14;1500 UTC;0;991,8;992,5;991,7;2171,2;26,2;23,8;26,3;23,2;23,9;20,9;90;87;87;129;8,8;4,2;
2023/08/14;1600 UTC;0;990,8;991,8;990,7;2608,9;26,6;23,2;27,5;25,2;24,7;21,7;87;81;82;149;9,6;3,9;
2023/08/14;1700 UTC;0;989,9;990,8;989,9;2087,4;26,7;22,6;27,3;24,6;23,9;20,9;82;78;78;122;9,8;3,7;
2023/08/14;1800 UTC;0;989,5;989,9;989,5;1898,4;26,4;21,6;27,7;26,1;23,2;21,2;78;74;75;133;8,5;4,2;
2023/08/14;1900 UTC;0;989,5;989,6;989,3;1349,7;25,7;20,5;27,3;24,8;22,2;19,4;75;71;73;143;9,4;4,2;
2023/08/14;2000 UTC;0;990,3;990,3;989,6;646,2;24,3;19,2;25,7;24,3;20,5;19,2;73;73;73;140;9,4;3,6;
2023/08/14;2100 UTC;0;990,7;990,7;990,2;88,5;22,8;18,4;24,3;22,8;19,2;18,3;76;73;76;146;9,4;3,4;
2023/08/14;2200 UTC;0;991,1;991,1;990,7;;21,9;18,1;22,8;21,9;18,4;18,1;79;76;79;132;8,5;3,4;
2023/08/14;2300 UTC;0;991,5;991,5;991,1;;21,3;18;21,9;21,3;18,1;18;82;79;82;141;6,3;2;
2023/08/15;0000 UTC;0;992,2;992,3;991,4;;21,1;18,3;21,3;21;18,3;18;84;82;84;140;3,9;2;
2023/08/15;0100 UTC;0;992,3;992,4;992,2;;21,1;18,7;21,1;20,9;18,7;18,3;86;84;86;177;3,9;1,7;
2023/08/15;0200 UTC;0;992,4;992,5;992,3;;21,1;19;21,2;21,1;19,1;18,7;88;86;88;172;4,4;2;
2023/08/15;0300 UTC;0;992;992,4;992;;21;19,2;21,1;20,7;19,2;18,8;89;88;89;176;4,4;1,9;
2023/08/15;0400 UTC;0;991,3;992;991,3;;21;19,5;21;20,9;19,5;19,2;91;89;91;160;4,4;1,8;
2023/08/15;0500 UTC;0;990,7;991,3;990,7;;20,9;19,5;21;20,8;19,7;19,5;92;91;92;147;5,1;2,9;
2023/08/15;0600 UTC;0;990,4;990,7;990,3;;20,7;19,5;20,9;20,7;19,5;19,4;93;92;93;116;5,1;2,3;
2023/08/15;0700 UTC;0;990,2;990,4;990,2;;20,2;19,1;20,7;20,1;19,5;19;94;92;94;140;4,2;1;
2023/08/15;0800 UTC;0;990,4;990,4;990,1;;20,4;19,5;20,4;20;19,5;19,1;95;94;95;173;2,8;1,6;
2023/08/15;0900 UTC;0;990,9;990,9;990,4;;20,3;19,6;20,5;20,3;19,7;19,5;96;95;96;170;4,8;1,4;
2023/08/15;1000 UTC;0;991,4;991,5;990,8;120,3;20,9;20,4;21;20,3;20,5;19,6;97;96;97;109;5;2,2;
2023/08/15;1100 UTC;,2;992,4;992,4;991,4;735,5;21,4;20,9;21,6;20,9;21,2;20,4;98;96;97;127;6,7;3;
2023/08/15;1200 UTC;1;992,9;992,9;992,4;1192,9;21,6;20,9;22,6;21,2;22,1;20,3;98;93;96;103;11,6;5;
2023/08/15;1300 UTC;0;992,6;992,9;992,6;2340,8;24,8;24,1;24,8;21,5;24,1;20,9;97;95;96;99;8,5;4,6;
2023/08/15;1400 UTC;0;992,4;992,9;992,4;1776,7;22,3;21,1;25,4;21,6;24,5;20,2;96;89;92;108;11,5;2,8;
2023/08/15;1500 UTC;0;991,6;992,4;991,5;2297,7;24,5;22,4;26;22,3;24,3;21;93;88;88;121;9;5,1;
2023/08/15;1600 UTC;0;990,4;991,6;990,4;2258,1;26;23,4;26,9;24,5;24,7;22,4;89;85;85;130;9;3,5;
2023/08/15;1700 UTC;0;990;990,4;989,9;1398,7;25,3;21,7;27,2;24,9;24,4;21,3;86;80;80;130;10;3,9;
2023/08/15;1800 UTC;0;989,6;990;989,5;1457,2;24,5;20,5;27,4;24,5;23,6;20,5;82;78;78;117;9,2;5;
2023/08/15;1900 UTC;0;990;990,1;989,5;1159,4;22,3;18,5;26,6;22;22,2;17,9;79;75;79;138;9,9;2,5;
2023/08/15;2000 UTC;0;990,3;990,3;990;261,9;23,4;19,9;23,4;22,3;19,9;18,5;81;79;81;131;7,1;2,3;
2023/08/15;2100 UTC;0;990,8;990,8;990,3;38,2;22,6;19,3;23,5;22,5;20,1;19,2;82;81;82;136;6,5;3;
2023/08/15;2200 UTC;0;991,4;991,5;990,8;;22,1;19,1;22,6;22,1;19,4;19,1;83;82;83;128;4,9;2,3;
2023/08/15;2300 UTC;0;992,1;992,1;991,4;;21,3;18,6;22,1;21,3;19,1;18,6;84;83;84;138;4,7;1,7;
2023/08/16;0000 UTC;0;992,6;992,6;992,1;;21,1;18,6;21,3;21,1;18,7;18,6;86;84;86;141;4,4;1,8;
2023/08/16;0100 UTC;0;993,1;993,1;992,6;;20,9;18,8;21,1;20,9;18,8;18,6;88;86;88;131;3,6;2,1;
2023/08/16;0200 UTC;0;993,1;993,2;993;;20,5;18,6;20,9;20,5;18,8;18,6;89;88;89;135;3,9;1,9;
2023/08/16;0300 UTC;0;992,5;993,1;992,5;;20,2;18,6;20,5;20;18,6;18,3;90;89;90;153;3,4;1,4;
2023/08/16;0400 UTC;0;991,9;992,5;991,9;;20;18,5;20,3;20;18,7;18,5;91;90;91;136;2,8;1,3;
2023/08/16;0500 UTC;0;991,4;991,9;991,3;;20,1;18,9;20,1;20;18,9;18,5;93;91;93;141;4,1;1,6;
2023/08/16;0600 UTC;0;991;991,4;991;;19,8;18,8;20,1;19,8;19;18,7;94;93;94;131;2,9;1;
2023/08/16;0700 UTC;0;990,8;991;990,8;;19,7;18,9;19,9;19,6;19;18,6;95;94;95;183;1,9;,8;
2023/08/16;0800 UTC;,2;991,2;991,2;990,8;;19,4;18,8;19,8;19,4;19,1;18,8;96;95;96;137;2,7;1;
2023/08/16;0900 UTC;0;991,6;991,6;991,2;;19;18,7;19,4;18,8;18,8;18,4;98;96;98;168;2,1;1,3;
2023/08/16;1000 UTC;0;992,4;992,4;991,6;251,3;20,3;20,3;20,3;18,9;20,3;18,6;100;98;100;146;3,1;1,6;
2023/08/16;1100 UTC;0;993,1;993,1;992,4;1014,9;22,1;21,7;22,2;20,2;21,9;20,1;100;97;98;133;6;3;
2023/08/16;1200 UTC;0;993,8;993,8;993,1;1311,2;21,9;21;23;21,9;22,4;21;98;94;95;142;8,9;4,6;
2023/08/16;1300 UTC;0;993,7;993,9;993,7;2071,7;24,9;23,7;24,9;21,6;23,8;20,7;96;92;93;117;8,9;3,9;
2023/08/16;1400 UTC;0;993,1;993,7;993,1;2486,2;26,2;23,8;26,4;24,2;24,3;22,6;93;87;87;119;9,5;4,7;
2023/08/16;1500 UTC;0;992,5;993,2;992,5;2592,2;27,6;23,8;27,6;25,5;24,4;22,7;87;80;80;136;9,5;4,1;
2023/08/16;1600 UTC;0;991,7;992,5;991,7;2836,2;27,2;22,5;28,4;26,7;23,8;21,9;80;75;75;149;10,4;4,4;
2023/08/16;1700 UTC;0;990,9;991,7;990,8;1866,3;24,2;19,4;27,7;24,1;23;18,9;76;71;74;98;9,3;4,6;
2023/08/16;1800 UTC;0;990,4;990,9;990,4;1971,1;26,2;20,5;27,2;24,2;21,7;19,7;75;71;71;127;9;3,9;
2023/08/16;1900 UTC;0;990,5;990,5;990,3;1277;25,1;19,5;26,6;25,1;20,9;19,3;71;70;71;156;8,3;4,3;
2023/08/16;2000 UTC;0;990,9;990,9;990,5;360,5;24,8;18,9;25,2;24,6;19,6;18,8;71;70;70;131;9,5;4,1;
2023/08/16;2100 UTC;0;991,4;991,4;990,9;57,2;23,4;17,9;24,8;23,4;18,9;17,9;71;70;71;137;7,7;3,3;
2023/08/16;2200 UTC;0;991,9;991,9;991,4;;21,9;17,1;23,4;21,9;17,9;17,1;74;71;74;129;8,5;3,1;
2023/08/16;2300 UTC;0;992,6;992,7;991,9;;21,5;17,4;21,9;21,4;17,4;17;78;74;78;141;6;2,6;
2023/08/17;0000 UTC;0;993,3;993,3;992,6;;21,4;17,9;21,6;21,3;17,9;17,5;80;78;80;148;7,1;2,3;
2023/08/17;0100 UTC;0;993,5;993,5;993,2;;21,3;18,3;21,4;21,3;18,3;17,9;83;80;83;136;5,7;1,9;
2023/08/17;0200 UTC;0;993,1;993,5;993,1;;21;18,5;21,3;21;18,5;18,3;85;83;85;139;3,9;1,9;
2023/08/17;0300 UTC;0;992,8;993,1;992,8;;20,9;18,7;21;20,8;18,7;18,4;87;85;87;135;3,8;1,5;
2023/08/17;0400 UTC;0;992;992,8;992;;20,6;18,7;20,9;20,6;18,8;18,7;89;87;89;137;3,8;1,7;
2023/08/17;0500 UTC;0;991,4;992;991,4;;20,2;18,5;20,6;20,2;18,7;18,5;90;89;90;142;3,4;1,4;
2023/08/17;0600 UTC;0;991,1;991,4;991,1;;20,4;18,9;20,4;20,1;18,9;18,5;91;90;91;124;3,5;1,6;
2023/08/17;0700 UTC;0;991;991,1;991;;20,1;18,9;20,4;20,1;19;18,8;93;91;93;141;3,5;1;
2023/08/17;0800 UTC;,4;991,1;991,2;991;;19,9;18,8;20,3;19,9;19,2;18,8;94;93;94;126;5,2;1,7;
2023/08/17;0900 UTC;0;991,6;991,6;991,1;;20,1;19,2;20,2;19,8;19,3;18,8;95;94;95;144;5,8;2,7;
2023/08/17;1000 UTC;,2;991,8;991,8;991,6;328,2;20,9;20,2;20,9;20;20,2;19,1;96;95;96;144;5,6;1,8;
2023/08/17;1100 UTC;0;992,3;992,3;991,8;1148,1;22,9;21,9;22,9;20,9;22;20,2;96;94;94;135;5,5;2,9;
2023/08/17;1200 UTC;0;992,8;992,8;992,3;1452,3;23,9;22,6;23,9;22,9;22,7;21,9;95;92;92;134;7,5;4,1;
2023/08/17;1300 UTC;0;992,9;993;992,8;2123,5;25,2;22,7;26;24;24,4;22,3;92;86;86;121;9,2;3,5;
2023/08/17;1400 UTC;0;992,5;992,9;992,5;2079,1;26,3;22,9;26,7;24,7;23,7;22,2;86;82;82;119;7,4;3,5;
2023/08/17;1500 UTC;0;991,6;992,5;991,6;1931,8;26,1;22,2;27,2;25,6;23,8;21,9;82;78;79;131;7,9;3,8;
2023/08/17;1600 UTC;0;990,7;991,6;990,7;1344,8;24,6;20,5;27,3;24,4;23,1;20,1;79;76;78;134;9,3;4,3;
2023/08/17;1700 UTC;0;990;990,7;990;1138,5;23,7;20,2;25,3;22,4;21,1;18,5;81;76;81;148;10,7;3,3;
2023/08/17;1800 UTC;2,2;989,5;990;989,5;1137,5;22,5;19,3;25,3;22,2;21,8;18,8;82;79;82;148;8,5;3,1;
2023/08/17;1900 UTC;0;989,5;989,7;989,5;685,9;22,3;19,7;22,7;21,9;19,9;18,9;85;82;85;132;7,5;3,2;
2023/08/17;2000 UTC;,6;989,8;989,8;989,5;220,6;21,6;19,3;22,6;21,6;20,1;19,3;87;85;87;149;7,3;3,4;
2023/08/17;2100 UTC;1,4;990,1;990,1;989,8;26,5;21,4;19,6;21,6;21,3;19,6;19,2;90;87;90;136;7;2,2;
2023/08/17;2200 UTC;,8;990,5;990,5;990,1;;20,8;19,4;21,4;20,8;19,8;19,4;92;90;92;128;7,5;2,9;
2023/08/17;2300 UTC;0;991;991;990,5;;20,9;19,8;20,9;20,7;19,8;19,4;93;92;93;126;5,1;1,5;
2023/08/18;0000 UTC;0;991,5;991,5;991;;21;20,2;21;20,8;20,2;19,7;95;93;95;126;4,2;1,5;
2023/08/18;0100 UTC;0;991,7;991,7;991,5;;21,1;20,5;21,1;21;20,5;20,2;97;95;97;139;3,5;1,4;
2023/08/18;0200 UTC;,4;991,6;991,8;991,6;;20,8;20,6;21,1;20,8;20,7;20,4;98;97;98;130;3,8;1,9;
2023/08/18;0300 UTC;,4;991,1;991,6;991,1;;20,7;20,7;20,8;20,7;20,7;20,6;100;98;100;126;5,6;2,1;
2023/08/18;0400 UTC;,4;990,7;991,1;990,7;;20,4;20,4;20,7;20,4;20,7;20,4;100;100;100;117;5,6;2;
2023/08/18;0500 UTC;,2;990,2;990,7;990,2;;20,5;;20,5;20,4;;;;;;115;4,1;1,3;
2023/08/18;0600 UTC;0;989,7;990,2;989,7;;20,3;;20,5;20,3;;;;;;132;2,9;1,5;
2023/08/18;0700 UTC;,4;989,4;989,7;989,4;;20,3;;20,4;20,3;;;;;;150;2,7;1,1;
2023/08/18;0800 UTC;,2;989,5;989,5;989,4;;20,3;;20,4;20,3;;;;;;124;2,4;1,1;
2023/08/18;0900 UTC;1;989,8;989,8;989,4;;20,4;;20,4;20,3;;;;;;130;2,3;1,2;
2023/08/18;1000 UTC;1,6;990,4;990,4;989,8;88,4;20,1;;20,6;20;;;;;;81;8,4;3,7;
2023/08/18;1100 UTC;,4;990,9;990,9;990,4;320,7;20,5;;20,6;20,1;;;;;;97;6,3;2,4;
2023/08/18;1200 UTC;3,2;991,2;991,4;990,9;708,7;21,6;;21,6;20,3;;;;;;99;7;3;
2023/08/18;1300 UTC;0;991;991,3;991;1972,6;23,8;;23,8;21,5;;;;;;103;6,9;3,7;
2023/08/18;1400 UTC;,6;991;991,1;990,9;1900,8;21,9;;24,7;21,9;;;;;;69;8,4;4,1;
2023/08/18;1500 UTC;,6;989,8;991;989,8;1493,4;23,5;;24,3;21,5;;;;;;99;8,2;4,3;
2023/08/18;1600 UTC;0;989,3;989,9;989,3;1011,9;22,3;22,2;24,2;22,3;;;;;100;62;9;4,6;
2023/08/18;1700 UTC;0;988,2;989,3;988,2;1480,4;24,3;23,8;24,5;22,2;24,5;22,2;100;97;97;138;9;2,2;
2023/08/18;1800 UTC;0;987,6;988,2;987,6;1203,3;25,8;24,5;25,8;24,3;24,5;23,7;97;92;93;132;7,3;3,2;
2023/08/18;1900 UTC;0;987,8;987,8;987,6;905;23,6;21,7;25,8;23,5;24,3;21,5;93;88;89;119;10,1;4,5;
2023/08/18;2000 UTC;0;988;988;987,8;378,5;23,2;21;23,7;23,2;21,7;20,9;89;87;87;115;8,9;3,1;
2023/08/18;2100 UTC;0;988,4;988,4;988;58,1;23;20,5;23,3;22,9;21;20,5;87;86;86;119;5,9;1,7;
2023/08/18;2200 UTC;0;988,9;988,9;988,4;;22,8;20,2;23;22,7;20,5;20,2;86;85;85;128;4,1;1,9;
2023/08/18;2300 UTC;0;989,4;989,4;988,9;;22;19,4;22,8;22;20,2;19,4;85;85;85;105;5,3;2,1;
2023/08/19;0000 UTC;0;989,8;989,8;989,4;;21,4;18,9;22;21,4;19,3;18,9;86;85;86;95;4,1;1,9;
2023/08/19;0100 UTC;0;989,9;990;989,8;;21,1;18,7;21,4;21,1;18,9;18,6;86;86;86;95;3,7;,8;
2023/08/19;0200 UTC;0;990;990;989,9;;20,2;17,9;21,1;20,2;18,7;17,9;87;86;87;105;1,8;1;
2023/08/19;0300 UTC;0;989,6;990;989,6;;18,9;16,9;20,2;18,9;17,9;16,9;88;87;88;114;1,6;,7;
2023/08/19;0400 UTC;0;988,7;989,6;988,7;;18,3;16,6;18,9;18,3;16,9;16,4;90;88;90;322;1;,5;
2023/08/19;0500 UTC;0;988,3;988,7;988,3;;17,9;16,5;18,3;17,6;16,6;16,1;91;90;91;240;,7;,5;
2023/08/19;0600 UTC;0;988,1;988,3;988;;17,4;16,2;17,9;17,3;16,5;16,1;93;91;93;317;1,1;,3;
2023/08/19;0700 UTC;0;987,8;988,1;987,8;;17;16,1;17,4;17;16,2;16;94;93;94;282;,6;,3;
2023/08/19;0800 UTC;0;988;988;987,7;;16,6;15,9;17,1;16,5;16,2;15,7;96;94;96;344;,6;,4;
2023/08/19;0900 UTC;0;988,7;988,7;988;;16,2;15,8;16,6;16,2;16;15,7;97;96;97;250;,6;,2;
2023/08/19;1000 UTC;0;989,3;989,3;988,7;295,1;18,5;18,5;18,5;16,2;18,5;15,8;100;97;100;279;,8;,5;
2023/08/19;1100 UTC;0;989,9;989,9;989,3;1098,1;21,8;21,6;21,9;18,5;21,7;18,5;100;99;99;63;3,1;1,6;
2023/08/19;1200 UTC;0;990,4;990,4;989,9;1976,6;23,7;23;23,7;21,8;23,2;21,7;100;96;96;71;5,5;3,2;
2023/08/19;1300 UTC;0;990,4;990,5;990,4;2482,8;25,6;23,8;25,7;23,6;24,1;22,8;96;90;90;82;6,4;3,1;
2023/08/19;1400 UTC;0;989,8;990,4;989,8;3037,9;26,9;23,6;26,9;25,4;24,1;23,1;90;82;82;90;6,1;2,7;
2023/08/19;1500 UTC;0;989;989,9;989;3198,2;27,5;22,7;27,7;26,5;23,7;22,5;82;75;75;73;6,1;2,2;
2023/08/19;1600 UTC;0;988,2;989;988,2;3136,3;28,2;21,7;28,4;27,3;22,9;21,7;75;68;68;91;5,1;2,4;
2023/08/19;1700 UTC;0;987,4;988,2;987,4;2750,1;28,6;20;28,9;28;21,5;19,9;68;59;59;85;5,5;1,3;
2023/08/19;1800 UTC;0;986,6;987,4;986,6;2226;28,8;18,4;29,2;28,3;20,1;18,4;59;54;54;72;5,8;2;
2023/08/19;1900 UTC;0;986,4;986,7;986,4;1466,7;28,7;17,1;29,1;28,5;18,3;17;54;49;49;91;5,2;2,6;
2023/08/19;2000 UTC;0;986,6;986,6;986,3;684,4;27,8;15,4;28,7;27,8;17,1;15,4;49;47;47;140;4,8;2,1;
2023/08/19;2100 UTC;0;987;987;986,6;86,5;26;14,5;27,8;26;15,4;14,4;49;47;49;121;4,1;1,9;
2023/08/19;2200 UTC;0;987,5;987,5;987;;24;14,9;26;23,9;14,9;14,2;57;49;57;132;6,3;3;
2023/08/19;2300 UTC;0;988,4;988,4;987,5;;22,6;15,2;24;22,6;15,2;14,9;63;57;63;101;6,2;3;
2023/08/20;0000 UTC;0;988,8;988,8;988,4;;21,8;15,5;22,6;21,8;15,5;15,2;67;63;67;93;5,2;2,7;
2023/08/20;0100 UTC;0;989;989,1;988,8;;21,3;15,9;21,8;21,3;15,9;15,5;71;67;71;93;4,6;2,5;
2023/08/20;0200 UTC;0;989,1;989,2;989;;20,7;16,1;21,3;20,7;16,1;15,9;75;71;75;85;4,1;1,7;
2023/08/20;0300 UTC;0;988,6;989,1;988,6;;20,2;16,4;20,7;20,2;16,4;16,1;78;75;78;79;3;1,3;
2023/08/20;0400 UTC;0;987,7;988,6;987,7;;19,8;16,6;20,2;19,7;16,6;16,2;82;78;82;80;2,3;1,3;
2023/08/20;0500 UTC;0;987,3;987,7;987,2;;19,4;16,7;19,8;19,2;16,8;16,4;85;82;85;108;2,7;,8;
2023/08/20;0600 UTC;0;987,5;987,5;987,2;;18,6;16,3;19,4;18,5;16,7;16;86;84;86;263;1,3;,5;
2023/08/20;0700 UTC;0;987,4;987,6;987,4;;18,9;17;19,1;18,6;17,1;16,4;89;86;89;227;,9;,2;
2023/08/20;0800 UTC;0;987,5;987,6;987,4;;19,1;17,4;19,4;18,9;17,6;17;90;89;90;21;1,3;,6;
2023/08/20;0900 UTC;0;987,8;987,8;987,5;,6;20,3;19,1;20,3;19,1;19,1;17,4;93;90;93;97;2,3;1;
2023/08/20;1000 UTC;0;988,3;988,3;987,8;309,7;21,6;20,6;21,6;20,3;20,6;19,1;94;93;94;64;1,8;1;
2023/08/20;1100 UTC;0;988,5;988,6;988,3;1002,5;22,9;22;23;21,5;22;20,4;95;94;95;8;4;2,4;
2023/08/20;1200 UTC;0;989,2;989,2;988,5;1362,8;23,9;22,6;24,3;22,9;23,1;22;95;92;92;31;5,3;2,6;
2023/08/20;1300 UTC;0;989,4;989,5;989,1;1522,9;25,3;23,4;25,8;23,6;24,1;22,3;93;89;89;38;5,3;2,8;
2023/08/20;1400 UTC;0;988,8;989,4;988,8;2175,2;26,3;23,4;27,5;25,2;24,9;23,2;90;84;84;70;5;1,9;
2023/08/20;1500 UTC;0;987,9;988,8;987,9;2793;28,2;24,1;28,3;26,3;25,5;23,3;85;78;78;56;6,4;2,4;
2023/08/20;1600 UTC;0;987,1;987,9;987,1;2526,4;29;23,4;29,3;27,9;24,5;23;79;72;72;103;4,8;2;
2023/08/20;1700 UTC;0;986,2;987,1;986,2;1795,6;29,6;22,5;29,6;28,6;23,4;22,3;72;66;66;112;5;1,7;
2023/08/20;1800 UTC;0;985,6;986,2;985,5;1894,6;30,3;21,6;30,3;29,3;22,5;21,2;66;60;60;116;5,3;1,7;
2023/08/20;1900 UTC;0;985,6;985,7;985,5;1071,2;29,9;20;30,3;29,4;21,3;20;60;55;55;80;4,5;1,9;
2023/08/20;2000 UTC;0;986,2;986,2;985,6;645,6;28,5;18,5;29,9;28,5;19,9;18,5;55;54;55;135;5,5;2,8;
2023/08/20;2100 UTC;0;986,9;986,9;986,2;74,3;26,4;18,5;28,5;26,4;18,5;17,9;62;55;62;128;7,5;2,7;
2023/08/20;2200 UTC;0;987,2;987,2;986,9;;25,5;18,9;26,4;25,5;18,9;18,5;67;62;67;124;6,4;2,8;
2023/08/20;2300 UTC;0;987,7;987,7;987,2;;24,8;19,2;25,5;24,8;19,2;18,9;71;67;71;106;5,9;2,7;
2023/08/21;0000 UTC;0;987,7;987,8;987,7;;24,1;19,1;24,8;24,1;19,2;19,1;74;71;74;76;5,5;2,7;
2023/08/21;0100 UTC;0;987,5;987,7;987,5;;23,5;19,2;24,1;23,5;19,2;19,1;77;74;77;66;5,1;2,4;
2023/08/21;0200 UTC;0;987,8;987,8;987,5;;23,2;19,5;23,5;23,2;19,5;19,2;80;77;80;72;4,4;2,5;
2023/08/21;0300 UTC;0;987,5;987,8;987,4;;23,1;19,9;23,2;23,1;19,9;19,5;82;80;82;74;5,3;2,2;
2023/08/21;0400 UTC;0;987,2;987,5;987,2;;23,2;20,4;23,2;23,1;20,4;19,9;84;82;84;61;5,3;2,8;
2023/08/21;0500 UTC;0;986,9;987,2;986,8;;22,9;20,3;23,2;22,9;20,4;20,3;86;84;86;113;5;1;
2023/08/21;0600 UTC;0;986,7;986,9;986,7;;22,8;20,6;22,9;22,8;20,6;20,3;87;86;87;94;2,8;1,4;
2023/08/21;0700 UTC;0;986,5;986,7;986,5;;22;20;22,8;22;20,6;20;89;87;89;92;2,4;,5;
2023/08/21;0800 UTC;0;986,5;986,6;986,4;;22;20,3;22,1;21,7;20,4;19,9;90;89;90;66;1,6;,8;
2023/08/21;0900 UTC;0;987,1;987,1;986,5;;21,7;20,3;22;21,6;20,4;20,1;92;90;92;62;3,3;1,7;
2023/08/21;1000 UTC;0;987,5;987,6;987,1;120,5;22,7;21,7;22,7;21,7;21,7;20,4;94;92;94;65;3,3;1,5;
2023/08/21;1100 UTC;0;987,8;987,8;987,4;434,5;23,4;22,4;23,4;22,6;22,5;21,6;95;94;95;66;4,7;2,2;
2023/08/21;1200 UTC;0;988,6;988,6;987,8;952,8;24,9;23,6;25,2;23,3;24,2;22,4;95;93;93;80;6,5;2,9;
2023/08/21;1300 UTC;0;988,6;988,7;988,6;1718,3;26,4;24,2;26,8;24,9;25,2;23,6;93;88;88;105;5,5;2,9;
2023/08/21;1400 UTC;0;988,4;988,7;988,4;2173,3;27,7;24,5;28,8;26,4;26;24,1;88;83;83;76;5,5;2,2;
2023/08/21;1500 UTC;0;987,2;988,4;987,2;1853,5;28,4;24,2;29,7;27,2;25,8;23,9;83;78;78;108;6,1;2,8;
2023/08/21;1600 UTC;0;986;987,1;985,9;2986,4;30;24,4;30,5;28,3;25,4;24,1;79;72;72;44;7,3;3,8;
2023/08/21;1700 UTC;0;985,5;986;985,5;1827,1;29,6;22,6;30,7;29,4;24,7;22,6;72;66;66;117;6,6;2,5;
2023/08/21;1800 UTC;0;985,1;985,5;985,1;1101,1;29,6;21,5;30,2;29,5;23,1;21,5;67;62;62;120;8,1;3,2;
2023/08/21;1900 UTC;0;985,3;985,3;985,1;794,7;29,2;20,7;29,9;29,2;21,6;20,7;62;60;60;98;6,8;3,7;
2023/08/21;2000 UTC;0;985,7;985,7;985,3;470;27,6;20,1;29,2;27,6;20,7;20,1;64;60;64;125;7,4;3,9;
2023/08/21;2100 UTC;0;985,7;985,8;985,7;84,6;26,2;19,7;27,6;26,2;20,2;19,7;67;64;67;102;7,4;3,7;
2023/08/21;2200 UTC;0;986,2;986,2;985,5;;25,1;19,6;26,2;25,1;19,7;19,5;72;67;72;94;7,4;3,5;
2023/08/21;2300 UTC;0;986,9;986,9;986,2;;23,9;19,1;25,1;23,9;19,6;19,1;74;72;74;83;6,2;2,7;
2023/08/22;0000 UTC;0;987,3;987,5;986,9;;23,1;18,9;23,9;23,1;19,1;18,9;77;74;77;79;5,9;2,7;
2023/08/22;0100 UTC;0;987,5;987,6;987,3;;22,6;19;23,1;22,6;19;18,9;80;77;80;72;6,2;3,1;
2023/08/22;0200 UTC;0;987,9;987,9;987,5;;22,8;19,7;22,8;22,4;19,7;19;82;80;82;69;7,3;3,4;
2023/08/22;0300 UTC;0;987,7;988,1;987,7;;22,9;19,9;23;22,8;19,9;19,7;83;82;83;64;6,7;3,3;
2023/08/22;0400 UTC;0;987,3;987,8;987,3;;22,8;19,9;22,9;22,7;20;19,9;84;83;84;60;5,9;2,6;
2023/08/22;0500 UTC;0;987;987,3;987;;22,8;20,1;22,8;22,7;20,1;19,9;85;84;85;51;5,2;2,1;
2023/08/22;0600 UTC;0;986,7;987;986,7;;22,8;20,3;22,8;22,8;20,3;20,1;86;85;86;54;4,7;2,2;
2023/08/22;0700 UTC;0;986,7;986,7;986,6;;22,6;20,2;22,8;22,6;20,3;20,2;86;86;86;63;4,7;2;
2023/08/22;0800 UTC;0;987,4;987,4;986,8;;22,6;20,3;22,7;22,6;20,4;20,2;87;86;87;64;3,6;1,6;
2023/08/22;0900 UTC;0;988,2;988,2;987,4;,6;22,5;20,4;22,6;22,5;20,4;20,3;88;87;88;104;3;1,1;
2023/08/22;1000 UTC;0;988,9;988,9;988,2;124,8;22,5;20,6;22,6;22,4;20,6;20,4;89;88;89;120;2,9;1,1;
2023/08/22;1100 UTC;0;989,5;989,5;988,9;568,8;23,5;21,6;23,5;22,4;21,7;20,5;90;89;89;117;3,1;1,8;
2023/08/22;1200 UTC;0;989,7;989,8;989,5;1514,7;25,2;23,1;25,3;23,5;23,3;21,6;90;88;88;96;3,9;1,8;
2023/08/22;1300 UTC;0;989,5;989,7;989,5;1870,1;26,4;23,7;26,5;24,9;24;22,8;89;85;85;53;5,1;3;
2023/08/22;1400 UTC;0;989,2;989,7;989,2;1686,5;26,3;23,3;26,6;24,4;23,7;21,6;86;83;83;79;7,4;3,5;
2023/08/22;1500 UTC;0;988;989,2;988;1956,2;27,7;23,6;28,3;26,3;25;23,3;85;78;78;65;7,1;3,5;
2023/08/22;1600 UTC;0;987;988;987;1771,3;28;23,3;29,1;27,2;24,6;22,7;79;75;76;88;8,5;4,3;
2023/08/22;1700 UTC;0;986;987;986;2690,9;28,9;22,8;29,6;27,7;24,5;22,8;76;70;70;89;8,2;5,1;
2023/08/22;1800 UTC;0;985,4;986;985,4;1730,6;29;21,9;29,6;28,7;23;21,8;70;65;66;66;7,8;4,2;
2023/08/22;1900 UTC;0;985,3;985,5;985,2;1159,8;28,4;21,2;29;28;21,7;21;66;65;65;66;7,8;3,5;
2023/08/22;2000 UTC;0;985,6;985,6;985,3;457;27;20;28,6;27;21,4;20;66;64;66;87;7;3,3;
2023/08/22;2100 UTC;0;986,1;986,1;985,6;48,9;26,1;19,6;27;26,1;20,1;19,6;67;66;67;97;5,3;2;
2023/08/22;2200 UTC;0;986,4;986,4;986,1;;24,8;18,9;26,1;24,8;19,6;18,9;70;67;70;88;4,6;2,4;
2023/08/22;2300 UTC;0;987;987;986,4;;23,7;18,5;24,8;23,7;18,9;18,5;73;70;73;88;4,1;2,3;
2023/08/23;0000 UTC;0;987,4;987,4;987;;23,1;18,5;23,7;23,1;18,6;18,5;75;73;75;74;5,5;2,7;
2023/08/23;0100 UTC;0;987,6;987,6;987,4;;22,5;18,4;23,1;22,5;18,5;18,4;78;75;78;71;4,4;1,9;
2023/08/23;0200 UTC;0;988;988;987,6;;21,9;18,3;22,5;21,9;18,5;18,3;80;78;80;93;3,4;1,4;
2023/08/23;0300 UTC;0;988,1;988,1;988;;21,6;18,5;21,9;21,5;18,5;18,3;83;80;83;115;3,3;1,7;
2023/08/23;0400 UTC;0;987,7;988,1;987,7;;21,8;19,3;22;21,4;19,3;18,5;85;83;85;82;6,4;1,9;
2023/08/23;0500 UTC;0;987,4;987,7;987,4;;21,5;19,3;21,8;21,4;19,3;19,1;88;85;88;67;3,1;1,7;
2023/08/23;0600 UTC;0;986,9;987,4;986,9;;21,6;19,9;21,7;21,5;19,9;19,4;90;88;90;52;4,7;2,1;
2023/08/23;0700 UTC;0;987;987;986,8;;21,8;20,3;21,8;21,6;20,4;19,9;92;90;92;61;5;1,8;
2023/08/23;0800 UTC;0;987,4;987,4;987;;21,7;20,5;21,8;21,7;20,5;20,3;93;92;93;59;3,6;1,9;
2023/08/23;0900 UTC;0;988;988;987,4;;21,6;20,6;21,8;21,6;20,7;20,5;94;93;94;73;4,5;1,3;
2023/08/23;1000 UTC;0;988,9;988,9;988;198,3;22;21,1;22,1;21,6;21,3;20,6;95;94;95;51;2,9;1,8;
2023/08/23;1100 UTC;0;989,3;989,3;988,9;953,8;23,7;22,8;23,7;22;22,8;21,1;96;93;95;75;4,1;2;
2023/08/23;1200 UTC;0;989,6;989,7;989,3;1869,1;25,5;24;25,7;23,7;24,2;22,7;95;91;91;35;4,6;2,1;
2023/08/23;1300 UTC;0;989,8;990;989,6;2092,3;27,2;24,7;27,2;24,9;25,1;23,1;92;86;86;72;5,5;2,6;
2023/08/23;1400 UTC;0;989,2;989,8;989,2;3112,8;28,2;24,1;28,8;27,2;25,6;23,9;86;79;79;88;6,4;3,1;
2023/08/23;1500 UTC;0;988,4;989,2;988,4;2144,7;29,4;24,2;29,4;27,6;24,8;23,1;79;74;74;86;6,3;2,2;
2023/08/23;1600 UTC;0;987,4;988,4;987,3;2953,6;30;23,1;30,5;28,7;24,9;22,6;74;66;66;116;5,4;2,3;
2023/08/23;1700 UTC;0;986,1;987,4;986,1;2595,7;30,1;21,5;30,7;29,5;23,3;21,5;66;60;60;103;6,6;3;
2023/08/23;1800 UTC;0;985,5;986,1;985,4;2146,6;31,1;21;31,5;29,4;22;20,5;60;55;55;89;6,5;3,1;
2023/08/23;1900 UTC;0;985,3;985,5;985,2;1145,2;30,1;19,4;31,1;29,5;20,8;19,4;55;52;53;87;6,3;3,2;
2023/08/23;2000 UTC;0;985,4;985,4;985,3;634,2;28,9;18,4;30,2;28,9;19,4;18,4;53;52;53;105;6,7;3,2;
2023/08/23;2100 UTC;0;986,1;986,1;985,4;86,7;26,4;18;28,9;26,4;18,4;17,8;60;53;60;123;7,1;3,5;
2023/08/23;2200 UTC;0;986,8;986,8;986,1;;25;18,2;26,4;25;18,2;18;66;60;66;131;7,5;3,1;
2023/08/23;2300 UTC;0;987,6;987,6;986,8;;24,4;18,7;25;24,4;18,7;18,2;70;66;70;115;6,1;3;
2023/08/24;0000 UTC;0;988,3;988,3;987,6;;23,4;18,5;24,4;23,4;18,7;18,4;74;70;74;98;6;2,7;
2023/08/24;0100 UTC;0;988,6;988,6;988,3;;22,6;18,3;23,4;22,6;18,5;18,3;77;74;77;88;4,6;1,7;
2023/08/24;0200 UTC;0;988,6;988,7;988,5;;22,3;18,6;22,6;22,2;18,6;18,3;80;77;80;86;2,9;1,7;
2023/08/24;0300 UTC;0;988,3;988,6;988,3;;22;19;22,3;22;19;18,6;83;80;83;79;4,1;1,4;
2023/08/24;0400 UTC;0;987,7;988,3;987,7;;21,9;19,4;22;21,8;19,4;18,9;86;83;86;73;4,8;2,1;
2023/08/24;0500 UTC;0;987,4;987,7;987,4;;21,7;19,7;21,9;21,7;19,7;19,4;88;86;88;60;3,9;1,9;
2023/08/24;0600 UTC;0;987,6;987,6;987,4;;21,5;19,8;21,7;21,5;20;19,7;90;88;90;60;3,5;,9;
2023/08/24;0700 UTC;0;987,5;987,6;987,4;;21,3;19,8;21,5;21,3;19,9;19,8;91;90;91;48;1,7;1;
2023/08/24;0800 UTC;0;987,8;987,8;987,4;;21,2;20;21,3;21,1;20;19,8;93;91;93;45;2;1;
2023/08/24;0900 UTC;0;988,4;988,4;987,7;,6;21;20;21,3;21;20,2;20;94;93;94;99;2,8;,8;
2023/08/24;1000 UTC;0;989,1;989,1;988,3;247,2;22;21,2;22;21;21,2;20;95;94;95;65;2,5;1,6;
2023/08/24;1100 UTC;0;989,7;989,7;989,1;822,4;23,3;22,3;23,3;22;22,3;21,3;96;94;95;43;6;2,4;
2023/08/24;1200 UTC;0;990,1;990,1;989,7;1109,1;24,8;23,5;25,2;23,2;24;22,2;95;92;92;37;4,9;2,3;
2023/08/24;1300 UTC;0;989,6;990,1;989,6;2033,4;26,7;24,6;26,9;24,8;25,2;23,5;93;88;88;20;5,4;2,7;
2023/08/24;1400 UTC;0;988,9;989,7;988,9;2481,8;27,6;24,3;28,5;26,5;25,6;24;88;82;82;76;5;2,1;
2023/08/24;1500 UTC;0;988;988,9;988;2919,3;29,1;24,5;29,7;27,3;25,6;23,8;82;76;76;85;6;2,1;
2023/08/24;1600 UTC;0;987;988;987;2810,4;30,3;24,2;30,5;28,9;25,4;23,4;77;70;70;80;5,7;2,7;
2023/08/24;1700 UTC;0;986,1;987;986,1;2702,9;30,6;22,7;31;29,9;24,3;22,6;70;63;63;145;5,9;2,2;
2023/08/24;1800 UTC;0;985,8;986,1;985,7;2176,1;30,8;21,4;31,1;30,3;23;21,3;63;57;57;128;8,2;2,6;
2023/08/24;1900 UTC;0;986;986;985,8;1470,7;30,7;20,2;30,9;30,3;21,5;19,9;57;54;54;107;6,9;3,5;
2023/08/24;2000 UTC;0;986,1;986,1;985,9;673,5;28,3;18,6;30,7;28,3;19,9;18,5;56;53;56;132;7,1;3,3;
2023/08/24;2100 UTC;0;986,4;986,5;986,1;81,6;26,3;18,6;28,3;26,3;18,6;18,4;62;56;62;132;7,1;3,4;
2023/08/24;2200 UTC;0;987,1;987,1;986,4;;25,5;19;26,3;25,5;19;18,6;67;62;67;121;7,1;2,4;
2023/08/24;2300 UTC;0;987,7;987,8;987,1;;24,1;18,3;25,5;24,1;19;18,3;70;67;70;93;5,5;2,9;
2023/08/25;0000 UTC;0;988,2;988,2;987,7;;23;18;24,1;23;18,3;18;73;70;73;92;4,6;2,1;
2023/08/25;0100 UTC;0;988,5;988,5;988,2;;22,3;18;23;22,3;18;17,8;77;73;77;95;4,5;2,3;
2023/08/25;0200 UTC;0;988,5;988,6;988,4;;22;18,3;22,3;22;18,3;18;80;77;80;65;4,7;1,7;
2023/08/25;0300 UTC;0;988,2;988,6;988,2;;22;18,9;22;21,9;18,9;18,4;83;80;83;56;4,4;2,4;
2023/08/25;0400 UTC;0;987,7;988,2;987,7;;21,6;18,9;22;21,6;19;18,8;85;83;85;64;5;1,5;
2023/08/25;0500 UTC;0;987,5;987,8;987,5;;22,2;19,9;22,2;21,6;19,9;19;87;85;87;43;4,2;1,6;
2023/08/25;0600 UTC;0;987;987,5;987;;22,1;20;22,2;22,1;20;19,8;88;87;88;21;3,7;1,8;
2023/08/25;0700 UTC;0;987,2;987,2;987;;22,1;20,2;22,2;22,1;20,2;20;89;88;89;52;3,3;,7;
2023/08/25;0800 UTC;0;987,3;987,4;987,1;;22,1;20,4;22,2;22;20,4;20,2;90;89;90;57;2,3;,3;
2023/08/25;0900 UTC;0;988;988;987,3;;22,1;20,5;22,2;22,1;20,6;20,4;91;90;91;45;3,5;1;
2023/08/25;1000 UTC;0;988,5;988,5;988;228,1;22,8;21,2;22,9;22;21,4;20,4;91;90;91;65;4;1,8;
2023/08/25;1100 UTC;0;989,1;989,1;988,5;708,6;23,9;22;24,1;22,8;22,4;21,2;91;89;89;26;5,5;3,3;
2023/08/25;1200 UTC;0;989,5;989,5;989,1;1213,5;26,1;23,9;26,1;23,8;23,9;22;90;87;87;41;5,5;2,7;
2023/08/25;1300 UTC;0;989,4;989,7;989,4;1259,8;26,6;23,3;26,6;25,1;23,9;22,5;87;83;83;355;5,9;1,3;
2023/08/25;1400 UTC;0;988,4;989,4;988,4;2184,9;28,7;24,3;28,7;26,6;24,3;23;83;77;77;41;4,6;2,1;
2023/08/25;1500 UTC;0;987,3;988,4;987,3;3232,3;29,8;23,7;30;28,3;25;23,1;77;70;70;43;5,2;1,5;
2023/08/25;1600 UTC;0;986;987,3;986;3110,1;30,5;22,6;31,1;29,4;24,2;22,6;70;63;63;68;6,3;1,8;
2023/08/25;1700 UTC;0;984,7;986;984,7;2717;31,1;21,4;31,7;30,3;23,2;21,3;63;56;56;84;5,8;2,8;
2023/08/25;1800 UTC;0;983,9;984,7;983,9;2187,3;31,3;20,1;31,8;31;21,6;20,1;56;51;51;88;6,2;3,3;
2023/08/25;1900 UTC;0;984,1;984,1;983,9;1446,7;31,1;19,1;31,7;31;20,4;19;51;49;49;87;6;3,6;
2023/08/25;2000 UTC;0;984,3;984,3;984;677;29,9;17,9;31,5;29,8;19,4;17,9;49;48;49;92;5,7;3;
2023/08/25;2100 UTC;0;984,3;984,3;984,1;90,8;27,9;17;29,9;27,9;17,9;17;52;49;52;97;5,8;2,1;
2023/08/25;2200 UTC;0;984,8;984,8;984,3;;26,2;16,9;27,9;26,2;17,1;16,8;56;52;56;94;4;1,7;
2023/08/25;2300 UTC;0;985,7;985,7;984,8;;24,7;17,1;26,2;24,7;17,1;16,8;63;56;63;86;5;2,5;
2023/08/26;0000 UTC;0;986;986,1;985,7;;23,4;17,1;24,7;23,4;17,3;17,1;68;63;68;63;5,4;2,9;
2023/08/26;0100 UTC;0;986,4;986,4;986;;22,5;17,1;23,4;22,5;17,1;17;71;68;71;61;5,7;2,9;
2023/08/26;0200 UTC;0;987;987;986,4;;21,9;17,3;22,5;21,9;17,3;17;75;71;75;70;5,2;2,2;
2023/08/26;0300 UTC;0;986,7;987;986,6;;21,3;17,3;21,9;21,3;17,4;17,2;78;75;78;54;3,9;1,6;
2023/08/26;0400 UTC;0;985,9;986,7;985,9;;21;17,6;21,3;21;17,6;17,3;81;78;81;55;3,8;1,6;
2023/08/26;0500 UTC;0;985,9;986;985,8;;20,7;17,8;21;20,7;17,8;17,5;83;81;83;52;3,4;1,5;
2023/08/26;0600 UTC;0;986;986,1;985,9;;20,6;18,1;20,7;20,4;18,1;17,6;86;83;86;49;3;1,6;
2023/08/26;0700 UTC;0;986,1;986,2;985,9;;20,8;18,6;21;20,6;18,8;18,1;87;86;87;51;3,6;1,9;
2023/08/26;0800 UTC;0;986,4;986,4;986,1;;21,3;19,3;21,3;20,7;19,3;18,6;89;87;89;36;4,9;2,7;
2023/08/26;0900 UTC;0;986,9;986,9;986,4;1,4;20,8;19;21,3;20,7;19,3;18,9;90;89;90;36;4,9;1,7;
2023/08/26;1000 UTC;0;987,7;987,7;986,9;329,8;21,8;20,1;21,8;20,7;20,1;19;90;90;90;20;3,4;1,5;
2023/08/26;1100 UTC;0;988,1;988,1;987,7;1166,8;24,1;22,2;24,1;21,8;22,2;20;90;89;89;33;5,1;2,3;
2023/08/26;1200 UTC;0;988,3;988,4;988,1;2011;26,4;23,7;26,4;23,9;23,7;21,9;89;85;85;29;7,2;3,7;
2023/08/26;1300 UTC;0;987,8;988,3;987,8;2661,5;28;23,9;28,3;26,1;24,4;23;85;78;78;22;6,9;3,1;
2023/08/26;1400 UTC;0;987,3;987,8;987,3;3016,3;29,6;23,7;30,4;28;24,7;23,6;78;70;70;339;5,7;2,2;
2023/08/26;1500 UTC;0;986,3;987,3;986,2;3169,2;31,1;22,9;31,7;29,6;24,7;22,9;70;62;62;300;5,9;2,5;
2023/08/26;1600 UTC;0;985,3;986,2;985,3;3081;33;22;33,3;31;23,4;22;62;53;53;17;8,3;1,7;
2023/08/26;1700 UTC;0;984;985,3;984;2699,6;34;20,1;34;32,1;22,1;19,8;53;44;44;121;5,4;1,1;
2023/08/26;1800 UTC;0;983,4;984;983,4;2207,5;34;17,9;34,3;33,2;20,2;17,7;44;39;39;88;5,2;2,3;
2023/08/26;1900 UTC;0;983,4;983,6;983,4;1438,3;33,4;16,9;34;33,1;17,8;16,6;39;37;37;101;5,6;3,2;
2023/08/26;2000 UTC;0;983,6;983,6;983,4;678,4;31,5;15,9;33,5;31,5;16,9;15,8;39;37;39;90;6,3;3,6;
2023/08/26;2100 UTC;0;984;984;983,6;84,5;29,1;15,6;31,5;29,1;15,8;15,6;44;39;44;83;5,8;2,1;
2023/08/26;2200 UTC;0;984,5;984,5;983,9;;27,5;16;29,1;27,5;16,1;15,5;50;44;50;84;5;2,2;
2023/08/26;2300 UTC;0;985,5;985,5;984,5;;25,6;16;27,5;25,6;16,1;16;56;50;56;93;5,9;3,1;
2023/08/27;0000 UTC;0;986,3;986,3;985,5;;23,9;16,3;25,6;23,9;16,4;16;63;56;63;75;5,9;2,8;
2023/08/27;0100 UTC;0;986,8;986,8;986,3;;22,8;16,6;23,9;22,8;16,6;16,3;68;63;68;73;6,1;2,6;
2023/08/27;0200 UTC;0;986,8;986,9;986,8;;22,2;16,9;22,8;22,2;16,9;16,6;72;68;72;72;4,8;2,6;
2023/08/27;0300 UTC;0;986,5;986,8;986,5;;21,6;17,2;22,2;21,6;17,2;16,9;76;72;76;65;4;1,6;
2023/08/27;0400 UTC;0;986,1;986,5;986,1;;21,2;17,5;21,6;21,2;17,5;17,2;79;76;79;55;3,4;1,4;
2023/08/27;0500 UTC;0;986,1;986,2;986;;21,4;18,2;21,4;20,7;18,2;17,3;82;79;82;49;2,8;1,3;
2023/08/27;0600 UTC;0;986,2;986,2;985,9;;22,2;19,3;22,2;21,4;19,3;18,2;84;82;84;59;5,5;2,2;
2023/08/27;0700 UTC;0;986,3;986,3;986,2;;22,4;19,7;22,4;22,2;19,7;19,3;85;84;85;52;4,7;2,1;
2023/08/27;0800 UTC;0;986,7;986,7;986,2;;22,4;19,9;22,4;22,3;19,9;19,7;86;85;86;43;4,9;2,6;
2023/08/27;0900 UTC;0;987,7;987,7;986,7;;22,5;20,2;22,5;22,4;20,2;20;86;86;86;68;4,9;1,7;
2023/08/27;1000 UTC;0;988,7;988,7;987,7;57,8;22,8;20,5;22,8;22,5;20,5;20,1;87;86;87;78;3,8;,7;
2023/08/27;1100 UTC;0;989,7;989,7;988,7;249,1;23,7;21,3;23,7;22,8;21,3;20,5;87;87;87;129;2,1;1,2;
2023/08/27;1200 UTC;0;990,4;990,4;989,7;565,1;24,3;21,7;24,6;23,6;22;21,2;87;85;85;85;3,5;2;
2023/08/27;1300 UTC;0;990,6;990,6;990,4;694,6;25,1;22,1;25,4;24,3;22,5;21,6;85;83;83;125;3,5;1,1;
2023/08/27;1400 UTC;0;990,1;990,6;990,1;700;25,8;22,3;25,8;25,1;22,4;22;83;81;81;48;3,9;1,3;
2023/08/27;1500 UTC;0;989,1;990,1;989,1;1831,5;28,3;24;28,3;25,5;24;21,9;81;78;78;263;3,8;1,2;
2023/08/27;1600 UTC;0;988,2;989,1;988,1;2068,4;28,6;22,9;29,9;27,5;24,6;22,6;78;72;72;150;4,1;2,1;
2023/08/27;1700 UTC;0;987,2;988,1;987,2;2079,2;30,8;23,7;30,8;28,4;24,8;22,2;72;66;66;116;4,8;,8;
2023/08/27;1800 UTC;0;986,9;987,2;986,9;2086,4;31;22,2;31,6;30;24;21,8;66;59;59;130;5;2,6;
2023/08/27;1900 UTC;0;987,1;987,1;986,9;1365,8;31,4;21,2;31,5;30,2;22,2;20,5;59;55;55;127;4,8;2,6;
2023/08/27;2000 UTC;0;987,6;987,6;987,1;767,3;29,3;19,2;31,4;29,3;21,1;19,2;55;53;55;127;6;3,5;
2023/08/27;2100 UTC;0;988,1;988,1;987,6;75,7;26,6;18,7;29,3;26,6;19,2;18,5;62;55;62;129;7,4;4;
2023/08/27;2200 UTC;0;988,7;988,7;988,1;;25,4;19,1;26,6;25,4;19,1;18,7;68;62;68;129;7,9;3,6;
2023/08/27;2300 UTC;0;989,4;989,4;988,7;;25;19,7;25,4;25;19,7;19,1;73;68;73;97;7,7;3,3;
2023/08/28;0000 UTC;0;990,1;990,1;989,4;;24,7;20;25;24,7;20,1;19,7;75;73;75;103;7,6;3,8;
2023/08/28;0100 UTC;0;990,5;990,5;990,1;;24,5;20,3;24,7;24,5;20,3;20,1;78;75;78;96;7,6;3,3;
2023/08/28;0200 UTC;0;990,5;990,6;990,4;;24,3;20,5;24,5;24,3;20,5;20,3;80;78;80;89;6;2,7;
2023/08/28;0300 UTC;0;990,5;990,6;990,5;;24;20,5;24,3;24;20,6;20,5;81;80;81;89;6,8;2,8;
2023/08/28;0400 UTC;0;989,4;990,5;989,4;;23,7;20,7;24;23,6;20,7;20,3;83;81;83;74;5;2,8;
2023/08/28;0500 UTC;0;989,5;989,6;989,4;;23,5;20,6;23,8;23,5;20,8;20,6;84;83;84;58;5,2;2,5;
2023/08/28;0600 UTC;0;989,3;989,6;989,3;;22,6;20;23,5;22,6;20,6;20;85;84;85;42;4;1,6;
2023/08/28;0700 UTC;0;989,8;989,8;989,3;;22,1;19,8;22,6;22,1;20;19,7;87;85;87;71;3;,7;
2023/08/28;0800 UTC;0;989,8;989,8;989,6;;21,8;19,8;22,3;21,7;20,1;19,6;88;87;88;83;1,5;,9;
2023/08/28;0900 UTC;0;990,6;990,6;989,8;,6;21,4;19,7;21,8;21,3;19,9;19,3;90;88;90;352;1,6;,2;
2023/08/28;1000 UTC;0;991,1;991,1;990,6;270,1;23,2;21,7;23,2;21,3;21,7;19,6;91;90;91;67;2,7;1,5;
2023/08/28;1100 UTC;0;991,8;991,8;991,1;906,5;24,7;23;24,7;23,1;23;21,5;91;90;90;69;4,4;2,3;
2023/08/28;1200 UTC;0;992,1;992,1;991,8;1219,3;25,8;23,4;26,2;24,6;24;22,7;90;87;87;66;5;2,6;
2023/08/28;1300 UTC;0;992;992,1;991,9;1562,3;27,3;24,1;27,7;25,6;24,7;23,2;87;82;83;76;5,5;2,9;
2023/08/28;1400 UTC;0;991,1;992;991,1;1602,3;28,2;23,7;28,7;27,3;25,1;23,6;83;77;77;84;5,7;2;
2023/08/28;1500 UTC;0;990,1;991,1;990,1;2205,2;30,3;24,5;30,5;28,1;24,8;23;77;71;71;39;4,6;1,4;
2023/08/28;1600 UTC;0;988,8;990,1;988,8;2255,8;30,1;22,8;30,9;29,1;24,7;22,4;71;65;65;71;5,6;1,8;
2023/08/28;1700 UTC;0;987,8;988,8;987,8;2210;31,2;21,8;32;29,7;23,9;21,7;65;58;58;116;6;2,2;
2023/08/28;1800 UTC;0;987,1;987,8;987,1;1782,7;31,2;20,6;32;30,3;21,9;20,2;58;53;53;88;5;2,1;
2023/08/28;1900 UTC;0;987,2;987,2;987,1;1421,6;31;19,2;31,8;31;21;19,2;53;50;50;140;6;2,9;
2023/08/28;2000 UTC;0;987,5;987,5;987,1;596,7;29,1;17,7;31;29,1;19,2;17,6;50;49;50;126;6,7;3,5;
2023/08/28;2100 UTC;0;988,3;988,3;987,5;72,5;26,5;18,2;29,1;26,5;18,3;17,6;61;50;61;131;7;3,4;
2023/08/28;2200 UTC;0;988,6;988,6;988,2;;25,5;19;26,5;25,5;19;18,3;68;61;68;125;8,5;3,6;
2023/08/28;2300 UTC;0;989,8;989,8;988,6;;24,7;19;25,5;24,7;19,1;19;71;68;71;104;7;3,3;
2023/08/29;0000 UTC;0;990,7;990,7;989,8;;23,8;18,9;24,7;23,8;19;18,9;74;71;74;93;8;4;
2023/08/29;0100 UTC;0;991,4;991,4;990,7;;23,2;18,9;23,8;23,2;18,9;18,8;77;74;77;92;7,4;3,3;
2023/08/29;0200 UTC;0;991,8;991,8;991,4;;23;19,2;23,2;23;19,2;18,9;79;77;79;89;6,4;2,6;
2023/08/29;0300 UTC;0;991,5;991,9;991,5;;22,9;19,6;23;22,8;19,6;19,2;82;80;82;96;5,1;2,6;
2023/08/29;0400 UTC;0;991,3;991,5;991,3;;23;20;23;22,9;20,1;19,7;83;82;83;94;4,8;1,9;
2023/08/29;0500 UTC;0;991,4;991,4;991,2;;23,1;20,4;23,1;23;20,4;20;85;83;85;119;4,6;1,7;
2023/08/29;0600 UTC;0;991,1;991,6;991,1;;22,5;20;23,1;22,5;20,5;20;86;85;86;60;5,2;1;
2023/08/29;0700 UTC;0;991,2;991,2;991,1;;22,2;20;22,5;22,2;20,1;19,8;88;86;88;94;3;,8;
2023/08/29;0800 UTC;0;991,1;991,2;990,9;;22,1;20,2;22,4;22,1;20,3;20;89;88;89;86;3,7;1;
2023/08/29;0900 UTC;0;991,5;991,6;991,1;,6;21,9;20,2;22,4;21,9;20,6;20,2;90;89;90;100;2,7;,8;
2023/08/29;1000 UTC;0;992;992;991,5;169,9;22,9;21,4;22,9;21,7;21,4;20;91;90;91;89;2;,9;
2023/08/29;1100 UTC;0;992,9;992,9;992;569,4;23,8;22,1;24;22,8;22,5;21,3;92;90;90;130;3,9;2,1;
2023/08/29;1200 UTC;0;993,2;993,3;992,8;1246,1;25,3;23,1;25,9;23,8;24;22,2;91;88;88;108;3,6;1,6;
2023/08/29;1300 UTC;0;993;993,3;993;1526,2;27,6;24,9;27,6;25,2;24,9;23,2;88;85;85;103;3,5;1,1;
2023/08/29;1400 UTC;0;992,3;993;992,3;2010,7;28,5;24,8;28,7;26,8;25,2;23,7;85;80;80;109;4,5;1,5;
2023/08/29;1500 UTC;0;991,3;992,3;991,3;1478;28,9;24,2;29,1;27,6;25;23,7;80;76;76;127;5,2;2;
2023/08/29;1600 UTC;0;990,3;991,3;990,3;2885,3;30,5;24,4;31,1;28,9;25,3;23,9;76;70;70;155;6;2,6;
2023/08/29;1700 UTC;0;989,5;990,4;989,5;2092;31;23,9;31,1;29,4;24,7;22,9;70;66;66;130;7,1;3,7;
2023/08/29;1800 UTC;0;988,8;989,5;988,8;1845,5;29,2;21,5;31,2;29,2;24,1;21,5;66;63;63;116;8,7;4,3;
2023/08/29;1900 UTC;0;989,2;989,2;988,8;1021,6;27,1;20,2;29,8;27,1;22,2;20,2;66;63;66;90;8,4;5,1;
2023/08/29;2000 UTC;0;989,7;989,7;989,2;566,7;26,5;20,3;27,3;26,4;20,8;20;69;66;69;93;8,7;4,2;
2023/08/29;2100 UTC;0;990,1;990,2;989,7;58,9;25,6;19,9;26,5;25,6;20,3;19,9;71;69;71;86;7,6;3;
2023/08/29;2200 UTC;0;990,5;990,5;990,1;;25,1;19,9;25,6;25,1;19,9;19,8;73;71;73;108;5,3;2;
2023/08/29;2300 UTC;0;990,9;990,9;990,4;;24,9;20;25,1;24,9;20,1;19,9;74;73;74;98;4,2;2,3;
2023/08/30;0000 UTC;0;990,9;991;990,8;;24;19,4;24,9;24;20;19,4;76;74;76;74;4,1;1,5;
2023/08/30;0100 UTC;0;991,3;991,3;990,9;;23,3;19,2;24;23,3;19,5;19,1;78;76;78;83;3,4;1,7;
2023/08/30;0200 UTC;0;991,3;991,5;991,3;;22,7;19,1;23,3;22,7;19,2;19;80;78;80;80;3,8;1,9;
2023/08/30;0300 UTC;0;991;991,3;991;;22,1;19;22,7;22,1;19,2;19;82;80;82;63;3,1;,9;
2023/08/30;0400 UTC;0;990;991;990;;21,9;19,2;22,2;21,5;19,3;18,6;85;82;84;64;1,8;1;
2023/08/30;0500 UTC;0;989,5;990;989,5;;22,2;19,9;22,2;21,9;19,9;19,2;87;84;87;49;4;1,4;
2023/08/30;0600 UTC;0;989,2;989,5;989,2;;22,2;20,1;22,2;22;20,1;19,8;88;87;88;56;2,6;1,5;
2023/08/30;0700 UTC;0;989;989,3;989;;22,2;20,3;22,3;22,1;20,4;20,2;89;88;89;71;3;1,6;
2023/08/30;0800 UTC;0;989,2;989,2;989;;21,6;19,9;22,2;21,2;20,3;19,5;90;89;90;49;2,5;1,3;
2023/08/30;0900 UTC;0;989,9;989,9;989,2;;22,3;20,8;22,3;21,6;20,8;19,9;91;90;91;36;3,6;,9;
2023/08/30;1000 UTC;0;990,1;990,1;989,9;119,7;23;21,5;23;22,3;21,5;20,8;91;91;91;22;3,4;1,6;
2023/08/30;1100 UTC;0;990,6;990,6;990,1;602,2;24,7;22,9;24,7;23;22,9;21,5;91;90;90;40;3,8;2,2;
2023/08/30;1200 UTC;0;991,3;991,3;990,6;871,5;25;22,8;25,3;24,5;23,2;22,5;90;88;88;117;5,6;2,2;
2023/08/30;1300 UTC;0;991,1;991,4;991,1;1025,7;26,9;24,3;26,9;25;24,3;22,8;88;86;86;84;3,7;1,5;
2023/08/30;1400 UTC;0;990,5;991,1;990,5;1728;28,1;24,2;28,7;26,9;25,5;23,9;86;79;79;70;5,2;2,5;
2023/08/30;1500 UTC;0;989,6;990,5;989,6;1761,6;28,6;23,8;29,4;27,8;25;23,6;80;75;75;107;5,4;2,5;
2023/08/30;1600 UTC;0;988,5;989,6;988,5;1985;29,7;23,5;30,3;28,5;24,4;23,1;75;69;69;113;6,3;3,1;
2023/08/30;1700 UTC;0;987,5;988,5;987,5;1819,9;30,2;22,7;30,9;29,2;24,1;22,4;69;64;64;93;6,3;2,1;
2023/08/30;1800 UTC;0;986,8;987,5;986,8;1498,9;30,9;22;31,2;29,5;23,2;21,2;64;59;59;124;6;2,9;
2023/08/30;1900 UTC;0;986,7;986,8;986,7;1151,1;30,3;20;31,1;30,1;22;20;59;54;54;103;6;3,6;
2023/08/30;2000 UTC;0;986,9;986,9;986,7;533,4;28,6;18,7;30,3;28,6;19,8;18,6;55;53;55;126;6,4;3,4;
2023/08/30;2100 UTC;0;987,4;987,4;986,9;71;26,1;18,5;28,6;26,1;18,7;18,4;63;55;63;134;7,1;3,5;
2023/08/30;2200 UTC;0;988;988;987,4;;25,1;18,9;26,1;25,1;18,9;18,5;69;63;69;125;6,8;3,7;
2023/08/30;2300 UTC;0;988,6;988,6;988;;24,4;19,3;25,1;24,4;19,3;18,9;73;69;73;114;6,8;3,4;
2023/08/31;0000 UTC;0;989,4;989,4;988,6;;23,8;19,5;24,4;23,8;19,5;19,3;77;73;77;92;6,2;3,2;
2023/08/31;0100 UTC;0;989,8;989,8;989,4;;23,4;19,7;23,8;23,3;19,7;19,4;80;77;80;85;6,5;3,2;
2023/08/31;0200 UTC;0;989,8;989,9;989,8;;23,4;20;23,5;23,3;20,1;19,7;81;80;81;76;8,3;4,7;
2023/08/31;0300 UTC;0;989,6;989,9;989,6;;23,1;19,8;23,5;23,1;20,1;19,8;82;81;82;63;8,3;2,8;
2023/08/31;0400 UTC;0;989,1;989,6;989,1;;22,4;19,5;23,1;22,1;19,8;19,1;84;82;84;50;5;2,6;
2023/08/31;0500 UTC;0;988,6;989,1;988,5;;22,2;19,6;22,5;22,2;19,7;19,5;85;84;85;51;5,7;2,1;
2023/08/31;0600 UTC;0;988,7;988,7;988,5;;21,8;19,5;22,2;21,8;19,6;19,4;87;85;87;51;3,8;1,3;
2023/08/31;0700 UTC;0;988,9;988,9;988,6;;21,9;19,8;22;21,8;19,8;19,5;88;87;88;46;2,7;1;
2023/08/31;0800 UTC;0;989,4;989,4;988,9;;22;20;22,1;21,9;20,1;19,8;89;88;89;66;2,7;1,4;
2023/08/31;0900 UTC;0;990,1;990,1;989,4;,6;21,9;19,9;22;21,8;20;19,9;89;89;89;41;3,7;,9;
2023/08/31;1000 UTC;0;990,4;990,4;990,1;300,3;22,5;20,6;22,5;21,8;20,6;19,9;89;89;89;32;3,8;2,2;
2023/08/31;1100 UTC;0;991;991;990,4;1049,6;24;21,9;24,1;22,5;22;20,6;89;88;88;37;6;3,5;
2023/08/31;1200 UTC;0;991,5;991,5;991;1420,1;25,6;22,9;25,8;23,7;23,6;21,5;88;85;85;18;6,1;2,9;
2023/08/31;1300 UTC;0;991,3;991,5;991,3;2705,3;27,7;23,8;27,7;25,5;23,8;22,7;85;79;79;27;6,3;2,3;
2023/08/31;1400 UTC;0;990,6;991,3;990,6;2786,8;29,6;24,1;29,6;27,7;24,4;23,2;79;72;73;93;5,3;2,4;
2023/08/31;1500 UTC;0;989,8;990,6;989,8;3180,5;30,4;22,9;31;29,2;24,1;22,9;73;64;64;58;6,1;2;
2023/08/31;1600 UTC;0;989,1;989,8;989,1;2441,8;31,5;22,2;31,6;30;23,3;21;64;58;58;40;5,5;1,7;
2023/08/31;1700 UTC;0;988,2;989,1;988,2;2433;31,4;20,1;32,1;30,3;22,2;20;58;51;51;126;5,8;2,6;
2023/08/31;1800 UTC;0;987,4;988,2;987,4;1982,9;31,9;19,2;32;31;20,4;18,8;51;47;47;121;6,9;2,9;
2023/08/31;1900 UTC;0;987,4;987,5;987,4;1327,2;30,5;17,4;31,9;30,5;19;17,4;47;45;45;115;7,9;3,6;
2023/08/31;2000 UTC;0;987,7;987,7;987,4;586;28,3;17,1;30,5;28,3;17,6;16,8;51;45;51;133;6,7;3,2;
2023/08/31;2100 UTC;0;988,2;988,2;987,7;70,7;26,1;17,6;28,3;26,1;17,6;17;60;51;60;128;7,7;3,8;
2023/08/31;2200 UTC;0;988,8;988,8;988,2;;25,6;18,7;26,1;25,6;18,7;17,6;66;60;66;99;8;4,2;
2023/08/31;2300 UTC;0;989,7;989,7;988,8;;24,8;18,8;25,6;24,8;18,9;18,7;69;66;69;96;8;4;
